0 0.5859375 0.6390625 0.1125 0.109375
0 0.8765625 0.7328125 0.075 0.134375
0 0.8109375 0.35 0.11875 0.08125
0 0.45 0.30625 0.196875 0.096875
1 0.5203125 0.5265625 0.053125 0.075
1 0.6890625 0.8203125 0.059375 0.053125
1 0.7140625 0.3546875 0.04375 0.046875
1 0.5484375 0.1640625 0.059375 0.090625
1 0.8796875 0.2890625 0.05 0.06875
3 0.953125 0.2015625 0.05 0.0625
3 0.715625 0.4984375 0.04375 0.0625
3 0.7875 0.625 0.0625 0.075
3 0.7390625 0.34375 0.003125 0.025
3 0.5671875 0.05 0.04375 0.0625
3 0.428125 0.684375 0.053125 0.059375