1 0.4890625 0.521875 0.065625 0.10625
1 0.35625 0.846875 0.06875 0.08125
1 0.271875 0.3890625 0.071875 0.08125
1 0.396875 0.1671875 0.065625 0.065625
1 0.0734375 0.3421875 0.065625 0.059375
0 0.1640625 0.3953125 0.140625 0.0875
0 0.2515625 0.1890625 0.140625 0.08125
0 0.5109375 0.2828125 0.23125 0.146875
0 0.153125 0.790625 0.078125 0.159375
0 0.4328125 0.6515625 0.11875 0.125
3 0.603125 0.6734375 0.05625 0.096875
3 0.2828125 0.5265625 0.059375 0.078125
3 0.3546875 0.04375 0.053125 0.05625
3 0.009375 0.275 0.01875 0.0625