1 0.51875 0.4671875 0.0875 0.115625
1 0.8359375 0.2734375 0.084375 0.09375
1 0.615625 0.715625 0.090625 0.096875
1 0.36875 0.825 0.078125 0.078125
1 0.7546875 0.884375 0.075 0.071875
0 0.7109375 0.778125 0.153125 0.11875
0 0.5046875 0.8953125 0.15 0.1125
0 0.346875 0.653125 0.25 0.196875
0 0.9578125 0.45 0.084375 0.16875
0 0.646875 0.3921875 0.14375 0.146875
3 0.515625 0.265625 0.075 0.103125
3 0.696875 0.5953125 0.075 0.0875
3 0.328125 0.95 0.05625 0.053125
3 0.7796875 0.9765625 0.065625 0.046875