0 0.1015625 0.31875 0.0625 0.128125
0 0.21875 0.690625 0.140625 0.090625
0 0.365625 0.8625 0.115625 0.071875
0 0.40625 0.3671875 0.11875 0.115625
0 0.5921875 0.6984375 0.196875 0.109375
1 0.2828125 0.2046875 0.071875 0.065625
1 0.328125 0.684375 0.05 0.075
1 0.4953125 0.48125 0.059375 0.0875
1 0.5140625 0.846875 0.065625 0.06875
3 0.0921875 0.8625 0.040625 0.08125
3 0.1953125 0.4265625 0.040625 0.0875
3 0.290625 0.54375 0.059375 0.078125
3 0.5578125 0.3 0.046875 0.06875
3 0.50625 0.96875 0.0375 0.0625