0 0.684375 0.5484375 0.134375 0.134375
0 0.2984375 0.50625 0.171875 0.240625
0 0.2328125 0.778125 0.103125 0.146875
0 0.4453125 0.846875 0.1125 0.146875
0 0.8515625 0.8171875 0.15625 0.10625
1 0.5421875 0.509375 0.08125 0.075
1 0.19375 0.6296875 0.08125 0.06875
1 0.4140625 0.7453125 0.0875 0.06875
1 0.8890625 0.60625 0.1 0.075
1 0.4015625 0.9484375 0.084375 0.06875
3 0.725 0.7640625 0.109375 0.071875
3 0.56875 0.7234375 0.0625 0.046875
3 0.06875 0.684375 0.078125 0.059375
3 0.6875 0.384375 0.06875 0.0625