0 0.4296875 0.3484375 0.14375 0.14375
0 0.6453125 0.653125 0.203125 0.234375
0 0.884375 0.5234375 0.121875 0.140625
0 0.79375 0.3265625 0.128125 0.146875
0 0.5109375 0.0609375 0.153125 0.121875
1 0.49375 0.475 0.084375 0.078125
1 0.8015625 0.6484375 0.08125 0.075
1 0.74375 0.4171875 0.0875 0.08125
1 0.3390625 0.1671875 0.096875 0.0875
1 0.896875 0.29375 0.084375 0.075
3 0.98125 0.290625 0.0375 0.075
3 0.55625 0.18125 0.103125 0.084375
3 0.6296875 0.31875 0.0625 0.053125
3 0.921875 0.7015625 0.078125 0.06875
3 0.309375 0.4546875 0.071875 0.065625