1 0.453125 0.4265625 0.053125 0.1125
1 0.234375 0.15625 0.06875 0.065625
1 0.2796875 0.6453125 0.065625 0.084375
1 0.5 0.84375 0.0625 0.06875
1 0.084375 0.8671875 0.096875 0.053125
0 0.015625 0.4515625 0.03125 0.159375
0 0.3234375 0.346875 0.103125 0.16875
0 0.190625 0.7640625 0.1625 0.0625
0 0.5625 0.6046875 0.228125 0.171875
3 0.54375 0.3171875 0.059375 0.084375
3 0.2 0.2265625 0.053125 0.08125
3 0.171875 0.4796875 0.0625 0.065625
3 0.33125 0.940625 0.065625 0.0875
3 0.0140625 0.9484375 0.028125 0.065625