0 0.359375 0.6375 0.140625 0.090625
0 0.615625 0.4171875 0.18125 0.2
0 0.75 0.76875 0.0625 0.146875
0 0.44375 0.940625 0.11875 0.075
3 0.2453125 0.7390625 0.078125 0.05
3 0.475 0.7734375 0.053125 0.053125
3 0.878125 0.6390625 0.078125 0.05625
3 0.353125 0.4390625 0.071875 0.05
3 0.9078125 0.9484375 0.084375 0.075
1 0.4390625 0.5140625 0.071875 0.059375
1 0.64375 0.6859375 0.071875 0.05
1 0.8375 0.86875 0.059375 0.053125
1 0.8203125 0.490625 0.053125 0.053125
1 0.178125 0.703125 0.065625 0.053125