1 0.3953125 0.55 0.096875 0.09375
1 0.0421875 0.5484375 0.084375 0.084375
1 0.4609375 0.2640625 0.096875 0.09375
1 0.7546875 0.3203125 0.115625 0.109375
1 0.496875 0.015625 0.1 0.03125
3 0.06875 0.48125 0.09375 0.090625
3 0.253125 0.2875 0.078125 0.078125
3 0.715625 0.1296875 0.08125 0.078125
0 0.796875 0.1171875 0.115625 0.121875
0 0.2453125 0.49375 0.175 0.16875
0 0.6140625 0.5171875 0.2625 0.26875
3 0.3796875 0.6703125 0.0875 0.0875
0 0.11875 0.1859375 0.109375 0.1
0 0.4953125 0.1140625 0.128125 0.1375