0 0.4921875 0.6984375 0.146875 0.140625
0 0.875 0.53125 0.13125 0.140625
0 0.909375 0.2703125 0.10625 0.11875
0 0.5234375 0.3640625 0.246875 0.25
0 0.7578125 0.8625 0.121875 0.109375
1 0.4203125 0.878125 0.084375 0.084375
1 0.73125 0.5421875 0.075 0.075
1 0.465625 0.5515625 0.09375 0.0875
1 0.7296875 0.278125 0.084375 0.084375
1 0.978125 0.5421875 0.04375 0.084375
3 0.68125 0.7234375 0.075 0.075
3 0.346875 0.5546875 0.075 0.075
3 0.4875 0.8515625 0.075 0.071875
3 0.8953125 0.3375 0.071875 0.071875