0 0.3921875 0.6140625 0.221875 0.234375
0 0.5875 0.309375 0.1875 0.128125
0 0.1421875 0.296875 0.090625 0.175
0 0.0109375 0.5265625 0.021875 0.140625
0 0.40625 0.040625 0.1625 0.08125
3 0.6671875 0.16875 0.103125 0.065625
3 0.4203125 0.2078125 0.121875 0.090625
3 0.0328125 0.46875 0.065625 0.0625
3 0.6578125 0.51875 0.0875 0.084375
1 0.1359375 0.603125 0.08125 0.071875
1 0.540625 0.465625 0.1125 0.084375
1 0.275 0.346875 0.10625 0.078125
1 0.746875 0.1796875 0.0875 0.078125
1 0.034375 0.2234375 0.06875 0.078125