0 0.375 0.5453125 0.25 0.240625
0 0.703125 0.41875 0.15 0.190625
0 0.621875 0.84375 0.165625 0.115625
0 0.3703125 0.9484375 0.146875 0.103125
0 0.93125 0.6484375 0.121875 0.159375
3 0.8515625 0.3671875 0.08125 0.103125
3 0.765625 0.596875 0.103125 0.125
3 0.4375 0.915625 0.071875 0.08125
3 0.5203125 0.309375 0.09375 0.096875
1 0.33125 0.7875 0.078125 0.084375
1 0.5453125 0.43125 0.09375 0.1125
1 0.603125 0.70625 0.09375 0.109375
1 0.859375 0.2921875 0.084375 0.09375
1 0.66875 0.9609375 0.0875 0.078125