0 0.275 0.6921875 0.053125 0.028125
0 0.4234375 0.94375 0.05625 0.0453125
0 0.45625 0.4296875 0.01875 0.0203125
0 0.1890625 0.8609375 0.025 0.025
0 0.3984375 0.8125 0.021875 0.015625
0 0.9265625 0.359375 0.015625 0.0234375
0 0.1046875 0.103125 0.034375 0.0296875
0 0.565625 0.08125 0.040625 0.0359375
0 0.2515625 0.44375 0.015625 0.0125
0 0.2578125 0.6921875 0.0203125 0.015625
0 0.03125 0.91875 0.0265625 0.0359375
0 0.9484375 0.7625 0.040625 0.01875
0 0.1671875 0.7578125 0.0296875 0.03125
0 0.5171875 0.6640625 0.015625 0.0140625
0 0.5703125 0.2140625 0.06875 0.059375
0 0.746875 0.7109375 0.0140625 0.01875