0 0.2703125 0.31875 0.0515625 0.0265625
0 0.415625 0.0734375 0.05625 0.04375
0 0.4484375 0.575 0.01875 0.0203125
0 0.1859375 0.1546875 0.0234375 0.0234375
0 0.390625 0.2015625 0.021875 0.015625
0 0.90625 0.64375 0.015625 0.0234375
0 0.103125 0.89375 0.034375 0.0296875
0 0.5546875 0.915625 0.0390625 0.0359375
0 0.246875 0.5625 0.015625 0.0109375
0 0.253125 0.31875 0.01875 0.015625
0 0.0328125 0.096875 0.025 0.034375
0 0.928125 0.25 0.0390625 0.01875
0 0.165625 0.2546875 0.0296875 0.0296875
0 0.50625 0.346875 0.015625 0.0125
0 0.559375 0.7859375 0.0671875 0.059375
0 0.73125 0.3015625 0.0140625 0.01875