0 0.478125 0.4671875 0.0328125 0.0375
0 0.20625 0.5890625 0.034375 0.040625
0 0.8984375 0.403125 0.0546875 0.0359375
0 0.23125 0.4796875 0.05625 0.0640625
0 0.684375 0.6484375 0.040625 0.0359375
0 0.7984375 0.1890625 0.04375 0.0296875
0 0.5125 0.0421875 0.03125 0.034375
0 0.83125 0.68125 0.0375 0.0453125
0 0.378125 0.39375 0.0171875 0.0203125
0 0.5078125 0.15 0.0296875 0.028125
0 0.30625 0.15 0.028125 0.0296875
0 0.609375 0.296875 0.021875 0.0234375
0 0.1125 0.7609375 0.0296875 0.025
0 0.8375 0.221875 0.0265625 0.025
0 0.559375 0.4421875 0.015625 0.0234375