0 0.43125 0.434375 0.040625 0.0359375
0 0.565625 0.1359375 0.04375 0.0375
0 0.3625 0.8953125 0.0390625 0.059375
0 0.4453125 0.1640625 0.0703125 0.0625
0 0.63125 0.6609375 0.0390625 0.0453125
0 0.128125 0.784375 0.0328125 0.0484375
0 0.665625 0.8203125 0.05 0.0421875
0 0.353125 0.325 0.0234375 0.01875
0 0.084375 0.465625 0.03125 0.0328125
0 0.084375 0.2453125 0.0328125 0.03125
0 0.2453125 0.578125 0.025 0.0234375
0 0.753125 0.034375 0.0265625 0.0328125
0 0.1640625 0.828125 0.028125 0.028125
0 0.4046875 0.521875 0.025 0.0171875