0 0.4125 0.48125 0.0265625 0.028125
0 0.503125 0.3515625 0.0421875 0.0375
0 0.203125 0.49375 0.0359375 0.0296875
0 0.5921875 0.2890625 0.028125 0.0375
0 0.278125 0.3421875 0.0328125 0.028125
0 0.5203125 0.2515625 0.028125 0.0375
0 0.31875 0.4109375 0.0359375 0.0359375
0 0.421875 0.7125 0.01875 0.021875
0 0.2234375 0.7625 0.0265625 0.0203125
0 0.215625 0.225 0.025 0.0234375
0 0.73125 0.353125 0.046875 0.0625
0 0.9125 0.66875 0.0390625 0.0390625
0 0.75 0.71875 0.0359375 0.053125
0 0.35625 0.415625 0.0296875 0.0453125
0 0.728125 0.7890625 0.0375 0.0375
0 0.425 0.6078125 0.0171875 0.0171875
0 0.2453125 0.0828125 0.03125 0.025
0 0.321875 0.8515625 0.021875 0.01875
0 0.4578125 0.29375 0.021875 0.021875