0 0.5171875 0.5625 0.03125 0.0296875
0 0.6625 0.4625 0.0421875 0.0484375
0 0.5015625 0.7984375 0.0328125 0.040625
0 0.73125 0.3625 0.0421875 0.0328125
0 0.6734375 0.7140625 0.0328125 0.0375
0 0.7734375 0.4421875 0.0421875 0.03125
0 0.5953125 0.66875 0.040625 0.040625
0 0.25625 0.553125 0.025 0.0203125
0 0.2015625 0.775 0.0234375 0.0296875
0 0.803125 0.784375 0.0265625 0.028125
0 0.659375 0.20625 0.0703125 0.053125
0 0.3078125 0.0125 0.0421875 0.0234375
0 0.25 0.1859375 0.059375 0.0390625
0 0.590625 0.6265625 0.0515625 0.0328125
0 0.171875 0.209375 0.0421875 0.0421875
0 0.375 0.55 0.01875 0.0203125
0 0.9640625 0.7515625 0.028125 0.034375
0 0.1015625 0.665625 0.0203125 0.025
0 0.7265625 0.5109375 0.025 0.025