0 0.44375 0.4296875 0.0390625 0.0515625
0 0.165625 0.78125 0.040625 0.0375
0 0.2640625 0.528125 0.046875 0.0375
0 0.45 0.340625 0.090625 0.06875
0 0.590625 0.4046875 0.025 0.0203125
0 0.3078125 0.2140625 0.0640625 0.0484375
0 0.7515625 0.5125 0.0265625 0.025
0 0.2375 0.875 0.025 0.0265625
0 0.709375 0.2515625 0.0546875 0.0328125
0 0.2140625 0.76875 0.0234375 0.021875
0 0.4546875 0.875 0.0203125 0.0203125
0 0.3640625 0.3390625 0.0328125 0.0296875
0 0.1859375 0.0890625 0.025 0.021875
0 0.496875 0.003125 0.0296875 0.00625
0 0.6515625 0.434375 0.015625 0.0140625
0 0.475 0.328125 0.0421875 0.0359375