0 0.575 0.5765625 0.046875 0.0359375
0 0.253125 0.828125 0.034375 0.0359375
0 0.484375 0.7390625 0.0328125 0.0421875
0 0.6546875 0.56875 0.0625 0.0828125
0 0.596875 0.4421875 0.01875 0.0234375
0 0.7703125 0.6984375 0.04375 0.0578125
0 0.4984375 0.2953125 0.021875 0.025
0 0.16875 0.7625 0.0234375 0.0234375
0 0.7359375 0.334375 0.0296875 0.0484375
0 0.265625 0.784375 0.0203125 0.021875
0 0.16875 0.565625 0.01875 0.01875
0 0.034375 0.84375 0.0578125 0.065625
0 0.65625 0.646875 0.0265625 0.0296875
0 0.884375 0.809375 0.0203125 0.0234375
0 0.5109375 0.0546875 0.025 0.0203125
0 0.96875 0.5265625 0.01875 0.0265625
0 0.5703125 0.3859375 0.0125 0.0140625
0 0.665625 0.546875 0.0328125 0.0390625