0 0.5546875 0.628125 0.0578125 0.046875
0 0.4140625 0.621875 0.040625 0.046875
0 0.565625 0.24375 0.06875 0.0484375
0 0.6515625 0.7 0.046875 0.0359375
0 0.3546875 0.5046875 0.034375 0.0234375
0 0.671875 0.8109375 0.0453125 0.028125
0 0.0421875 0.575 0.046875 0.040625
0 0.9796875 0.3578125 0.0296875 0.040625
0 0.521875 0.19375 0.0328125 0.0234375
0 0.275 0.9671875 0.034375 0.015625
0 0.8546875 0.0734375 0.053125 0.0390625
0 0.4078125 0.428125 0.0171875 0.021875
0 0.4921875 0.9296875 0.0328125 0.0265625
0 0.671875 0.9078125 0.0296875 0.0359375
0 0.8484375 0.8453125 0.0234375 0.0234375
0 0.378125 0.7453125 0.0234375 0.025