0 0.425 0.390625 0.0546875 0.04375
0 0.5578125 0.3953125 0.0375 0.04375
0 0.4140625 0.75 0.0640625 0.0453125
0 0.334375 0.321875 0.04375 0.034375
0 0.6125 0.5046875 0.0328125 0.021875
0 0.3140625 0.2171875 0.04375 0.0265625
0 0.9046875 0.440625 0.0453125 0.0375
0 0.0265625 0.6421875 0.028125 0.0375
0 0.45625 0.796875 0.03125 0.021875
0 0.6875 0.065625 0.0328125 0.028125
0 0.14375 0.9109375 0.0484375 0.0359375
0 0.5625 0.578125 0.0171875 0.0203125
0 0.4828125 0.1078125 0.03125 0.025
0 0.3140625 0.128125 0.028125 0.034375
0 0.15 0.1859375 0.021875 0.021875
0 0.590625 0.2796875 0.021875 0.0234375