0 0.3421875 0.2671875 0.075 0.0703125
0 0.4375 0.6828125 0.0453125 0.046875
0 0.5625 0.840625 0.05 0.059375
0 0.5375 0.209375 0.028125 0.0328125
0 0.7984375 0.0984375 0.05625 0.0390625
0 0.325 0.1890625 0.0359375 0.040625
0 0.1125 0.1796875 0.0453125 0.0515625
0 0.6171875 0.64375 0.0359375 0.03125
0 0.3515625 0.5203125 0.021875 0.0234375
0 0.79375 0.7203125 0.034375 0.0375
0 0.9484375 0.421875 0.053125 0.04375
0 0.1359375 0.3015625 0.021875 0.03125
0 0.3578125 0.275 0.0375 0.0421875
0 0.734375 0.5984375 0.028125 0.025
0 0.3515625 0.5390625 0.04375 0.06875
0 0.190625 0.1375 0.03125 0.04375
0 0.565625 0.7515625 0.0234375 0.028125
0 0.3140625 0.240625 0.0234375 0.0234375
0 0.9640625 0.4234375 0.021875 0.025
0 0.3578125 0.6859375 0.040625 0.0359375