0 0.2765625 0.65 0.06875 0.0734375
0 0.684375 0.55625 0.046875 0.0453125
0 0.8390625 0.4328125 0.0578125 0.0484375
0 0.21875 0.45625 0.0328125 0.028125
0 0.109375 0.2 0.0375 0.0546875
0 0.1984375 0.6671875 0.0390625 0.0359375
0 0.1890625 0.875 0.0515625 0.04375
0 0.6453125 0.378125 0.0296875 0.034375
0 0.525 0.6390625 0.0234375 0.021875
0 0.721875 0.20625 0.0359375 0.034375
0 0.428125 0.053125 0.0421875 0.053125
0 0.309375 0.853125 0.03125 0.021875
0 0.2828125 0.6328125 0.040625 0.0375
0 0.6015625 0.2640625 0.025 0.0265625
0 0.54375 0.6390625 0.0671875 0.0421875
0 0.146875 0.7984375 0.0421875 0.03125
0 0.753125 0.4296875 0.028125 0.0234375
0 0.25 0.678125 0.0234375 0.021875
0 0.4296875 0.0375 0.025 0.021875
0 0.6875 0.634375 0.0359375 0.0390625