0 0.465625 0.303125 0.0390625 0.0578125
0 0.2140625 0.9 0.071875 0.071875
0 0.6125 0.7921875 0.034375 0.03125
0 0.628125 0.6171875 0.0625 0.04375
0 0.7625 0.3890625 0.040625 0.0390625
0 0.540625 0.946875 0.109375 0.059375
0 0.6765625 0.703125 0.025 0.0203125
0 0.58125 0.196875 0.021875 0.028125
0 0.5296875 0.259375 0.0203125 0.028125
3 0.0296875 0.796875 0.0203125 0.0234375
3 0.0796875 0.153125 0.01875 0.025
0 0.8171875 0.1234375 0.025 0.0375
3 0.8203125 0.709375 0.01875 0.0203125
3 0.065625 0.178125 0.01875 0.0140625
0 0.55 0.0765625 0.0359375 0.03125
3 0.08125 0.8328125 0.0125 0.0171875
0 0.8390625 0.065625 0.03125 0.0265625