0 0.515625 0.6578125 0.0359375 0.053125
0 0.74375 0.115625 0.065625 0.065625
0 0.38125 0.2125 0.03125 0.028125
0 0.365625 0.371875 0.0578125 0.0390625
0 0.24375 0.5796875 0.0359375 0.034375
0 0.446875 0.0609375 0.1015625 0.075
0 0.321875 0.29375 0.0234375 0.01875
0 0.409375 0.753125 0.0203125 0.025
0 0.45625 0.696875 0.01875 0.025
0 0.71875 0.940625 0.078125 0.071875
0 0.515625 0.953125 0.1046875 0.05
0 0.0484375 0.95625 0.071875 0.0421875
3 0.94375 0.584375 0.0203125 0.034375
3 0.9109375 0.2078125 0.01875 0.021875
3 0.865625 0.79375 0.0171875 0.0234375
3 0.6578125 0.0328125 0.0234375 0.015625
0 0.19375 0.8203125 0.0234375 0.034375
3 0.190625 0.2875 0.0171875 0.01875
3 0.878125 0.7703125 0.0171875 0.0125
0 0.4375 0.8640625 0.0328125 0.028125
3 0.8640625 0.175 0.0125 0.015625
0 0.1734375 0.8734375 0.028125 0.0234375