0 0.4796875 0.4453125 0.040625 0.03125
0 0.321875 0.659375 0.0359375 0.0359375
0 0.25 0.515625 0.0296875 0.0296875
0 0.115625 0.9484375 0.09375 0.05
3 0.428125 0.578125 0.0328125 0.0265625
0 0.6171875 0.4578125 0.0421875 0.0390625
0 0.2578125 0.3984375 0.0296875 0.01875
0 0.1125 0.653125 0.0296875 0.021875
3 0.0484375 0.3578125 0.0234375 0.0234375
0 0.68125 0.5875 0.1015625 0.0796875
3 0.440625 0.734375 0.021875 0.0234375
0 0.35625 0.2 0.0203125 0.01875
0 0.2140625 0.778125 0.0515625 0.0453125
0 0.3203125 0.4171875 0.0171875 0.021875