0 0.115625 0.9515625 0.0921875 0.046875
0 0.3859375 0.2890625 0.025 0.034375
0 0.1234375 0.7546875 0.03125 0.0328125
0 0.2984375 0.3046875 0.03125 0.025
0 0.3421875 0.6484375 0.0390625 0.0359375
0 0.3609375 0.35625 0.0453125 0.034375
0 0.259375 0.7171875 0.028125 0.0265625
3 0.2 0.3578125 0.01875 0.015625
0 0.5140625 0.7015625 0.0421875 0.0546875
0 0.5765625 0.440625 0.028125 0.025
0 0.428125 0.578125 0.0375 0.0359375
0 0.5453125 0.7421875 0.059375 0.0609375
0 0.7015625 0.4078125 0.0828125 0.1140625
3 0.3234375 0.4203125 0.015625 0.0203125
0 0.4140625 0.1890625 0.028125 0.034375