0 0.115625 0.953125 0.0921875 0.046875
0 0.3875 0.2890625 0.025 0.034375
0 0.125 0.75625 0.03125 0.034375
0 0.3 0.3046875 0.03125 0.025
0 0.34375 0.65 0.0390625 0.0359375
0 0.3625 0.35625 0.0453125 0.034375
0 0.2609375 0.71875 0.028125 0.0265625
3 0.2015625 0.3578125 0.01875 0.015625
0 0.515625 0.703125 0.04375 0.0546875
0 0.5796875 0.4421875 0.028125 0.0265625
0 0.43125 0.578125 0.0375 0.0359375
0 0.546875 0.74375 0.059375 0.0625
0 0.70625 0.4078125 0.0828125 0.1140625
3 0.3265625 0.421875 0.015625 0.0203125
0 0.415625 0.1890625 0.028125 0.034375