0 0.365625 0.3015625 0.0359375 0.053125
0 0.45 0.834375 0.05625 0.1109375
0 0.3421875 0.4359375 0.0328125 0.0328125
0 0.0734375 0.7328125 0.05 0.0421875
0 0.4625 0.05625 0.0328125 0.034375
0 0.6796875 0.60625 0.0453125 0.0359375
0 0.7625 0.30625 0.04375 0.0390625
0 0.53125 0.721875 0.046875 0.0453125
3 0.5359375 0.35625 0.015625 0.01875
3 0.7921875 0.878125 0.0265625 0.03125
0 0.725 0.5359375 0.0578125 0.04375
0 0.55625 0.4078125 0.0484375 0.046875
3 0.36875 0.4453125 0.0203125 0.0171875
0 0.178125 0.85 0.053125 0.0421875
3 0.378125 0.7 0.015625 0.0171875
3 0.571875 0.81875 0.0296875 0.0375
0 0.515625 0.2890625 0.021875 0.021875
3 0.9171875 0.925 0.0171875 0.0171875
0 0.1953125 0.2828125 0.0296875 0.040625
3 0.38125 0.2171875 0.0171875 0.015625