0 0.3 0.625 0.0515625 0.0359375
0 0.8171875 0.5421875 0.1078125 0.0546875
0 0.4296875 0.6484375 0.03125 0.0328125
0 0.71875 0.909375 0.040625 0.0484375
0 0.059375 0.53125 0.034375 0.03125
0 0.5953125 0.31875 0.0359375 0.04375
0 0.303125 0.2375 0.0390625 0.0421875
0 0.7078125 0.4640625 0.04375 0.0453125
3 0.3515625 0.459375 0.01875 0.015625
3 0.8609375 0.2109375 0.0296875 0.0265625
0 0.528125 0.275 0.04375 0.05625
0 0.403125 0.4390625 0.0453125 0.046875
3 0.4390625 0.621875 0.0171875 0.0203125
0 0.8328125 0.8078125 0.0421875 0.0515625
3 0.6875 0.6140625 0.0171875 0.015625
3 0.8015625 0.425 0.0359375 0.0296875
0 0.2859375 0.478125 0.021875 0.021875
3 0.90625 0.0890625 0.0171875 0.015625
0 0.28125 0.790625 0.0390625 0.028125
3 0.2171875 0.6109375 0.015625 0.015625