3 0.934375 0.4609375 0.0359375 0.025
3 0.9125 0.3578125 0.025 0.025
0 0.6203125 0.575 0.0390625 0.0359375
0 0.7390625 0.6234375 0.0359375 0.034375
3 0.853125 0.121875 0.0171875 0.0171875
0 0.321875 0.9015625 0.0453125 0.0328125
3 0.740625 0.309375 0.0265625 0.028125
3 0.5140625 0.434375 0.034375 0.0375
0 0.4625 0.240625 0.040625 0.0421875
0 0.3578125 0.7296875 0.0515625 0.0296875
0 0.565625 0.2890625 0.0234375 0.0234375
0 0.3328125 0.5640625 0.03125 0.021875
0 0.159375 0.4734375 0.0296875 0.0328125
0 0.2546875 0.6421875 0.05 0.0546875
0 0.31875 0.14375 0.071875 0.0625
3 0.040625 0.4078125 0.0203125 0.0203125
3 0.4609375 0.5375 0.01875 0.0203125
0 0.10625 0.4953125 0.0234375 0.021875
3 0.390625 0.225 0.0140625 0.01875
0 0.696875 0.4984375 0.0296875 0.0234375
3 0.9859375 0.865625 0.0171875 0.021875