3 0.4265625 0.9546875 0.0265625 0.0375
3 0.315625 0.93125 0.028125 0.0265625
0 0.5484375 0.615625 0.0390625 0.040625
0 0.6015625 0.74375 0.0375 0.0390625
3 0.0625 0.865625 0.01875 0.01875
0 0.9 0.2953125 0.034375 0.0484375
3 0.2640625 0.746875 0.03125 0.028125
3 0.3984375 0.503125 0.040625 0.0359375
0 0.1890625 0.4484375 0.0453125 0.04375
0 0.715625 0.3359375 0.0328125 0.05625
0 0.2421875 0.5578125 0.025 0.025
0 0.5375 0.3078125 0.0234375 0.0328125
0 0.440625 0.1203125 0.034375 0.03125
0 0.621875 0.2234375 0.0578125 0.053125
0 0.0859375 0.2921875 0.0671875 0.078125
3 0.509375 0.4453125 0.021875 0.01875
0 0.4625 0.0640625 0.0234375 0.025
3 0.171875 0.3703125 0.0203125 0.0140625
0 0.4671875 0.6984375 0.025 0.03125