3 0.0078125 0.0703125 0.015625 0.015625
0 0.778125 0.9 0.046875 0.0390625
3 0.5859375 0.3140625 0.034375 0.021875
3 0.23125 0.7265625 0.0140625 0.0171875
3 0.6765625 0.525 0.021875 0.01875
0 0.446875 0.475 0.0671875 0.04375
3 0.7921875 0.959375 0.0140625 0.0140625
0 0.3640625 0.7921875 0.0484375 0.046875
0 0.66875 0.378125 0.06875 0.075
3 0.7984375 0.08125 0.015625 0.0171875
0 0.528125 0.653125 0.0328125 0.0609375
0 0.315625 0.2984375 0.0234375 0.0296875
0 0.1359375 0.54375 0.0421875 0.028125
3 0.884375 0.9625 0.0140625 0.0125
0 0.15625 0.6078125 0.0296875 0.0578125
0 0.596875 0.6328125 0.0390625 0.05
0 0.365625 0.2328125 0.0265625 0.0375
0 0.2359375 0.5953125 0.0265625 0.021875