0 0.20625 0.071875 0.05 0.0421875
3 0.4125 0.7015625 0.0375 0.0234375
3 0.79375 0.2578125 0.0140625 0.01875
3 0.3140625 0.4734375 0.0234375 0.0203125
0 0.5609375 0.528125 0.071875 0.046875
0 0.6515625 0.1859375 0.0515625 0.05
0 0.3234375 0.63125 0.0734375 0.0796875
3 0.184375 0.95 0.015625 0.01875
0 0.475 0.3359375 0.0359375 0.0640625
0 0.703125 0.7171875 0.0265625 0.03125
0 0.8953125 0.453125 0.0453125 0.0296875
0 0.8734375 0.384375 0.03125 0.0625
0 0.4015625 0.3578125 0.040625 0.053125
0 0.65 0.7890625 0.028125 0.040625
0 0.7890625 0.3984375 0.0296875 0.0234375