0 0.5828125 0.2171875 0.04375 0.0515625
0 0.26875 0.53125 0.0234375 0.028125
0 0.434375 0.059375 0.0515625 0.05625
0 0.30625 0.2546875 0.0328125 0.03125
0 0.084375 0.5359375 0.0453125 0.0484375
0 0.2234375 0.5640625 0.015625 0.021875
0 0.6125 0.8765625 0.0234375 0.046875
0 0.546875 0.14375 0.0609375 0.0421875
0 0.3265625 0.571875 0.034375 0.0328125
0 0.271875 0.3421875 0.0484375 0.025
0 0.621875 0.325 0.01875 0.034375
0 0.415625 0.4015625 0.021875 0.01875
0 0.85 0.1984375 0.040625 0.040625
0 0.225 0.6625 0.0453125 0.025
0 0.0765625 0.609375 0.04375 0.0375
3 0.8640625 0.4484375 0.0203125 0.0234375
0 0.2421875 0.9359375 0.0328125 0.0515625
0 0.4984375 0.4 0.015625 0.0203125
0 0.2015625 0.046875 0.028125 0.0359375
3 0.934375 0.3859375 0.034375 0.0359375
0 0.7796875 0.3703125 0.025 0.0296875
0 0.140625 0.73125 0.0203125 0.025
0 0.6171875 0.2546875 0.0234375 0.0234375
0 0.6578125 0.5921875 0.05 0.0578125
0 0.334375 0.7765625 0.01875 0.0234375
0 0.3453125 0.471875 0.015625 0.025
0 0.36875 0.5921875 0.01875 0.0140625
0 0.6109375 0.4609375 0.0171875 0.015625
0 0.740625 0.64375 0.0234375 0.01875
0 0.3453125 0.1109375 0.0203125 0.021875
0 0.4046875 0.2703125 0.0203125 0.0203125
0 0.4078125 0.684375 0.01875 0.01875
0 0.6484375 0.8109375 0.034375 0.0171875