0 0.171875 0.403125 0.0578125 0.0484375
0 0.5171875 0.75 0.03125 0.025
0 0.2125 0.7078125 0.034375 0.0359375
0 0.5234375 0.9515625 0.053125 0.05
0 0.553125 0.8 0.025 0.0171875
0 0.896875 0.371875 0.0515625 0.0265625
0 0.0921875 0.44375 0.046875 0.065625
0 0.5625 0.6859375 0.0359375 0.0375
0 0.309375 0.746875 0.028125 0.053125
0 0.290625 0.3609375 0.0375 0.0203125
0 0.3734375 0.5875 0.021875 0.0234375
0 0.1515625 0.1109375 0.0453125 0.04375
0 0.6625 0.796875 0.028125 0.05
0 0.603125 0.959375 0.0421875 0.0484375
3 0.4265625 0.09375 0.025 0.021875
0 0.9546875 0.7796875 0.04375 0.034375
0 0.371875 0.496875 0.021875 0.0171875
3 0.3578125 0.01875 0.0390625 0.0375
0 0.340625 0.1875 0.0328125 0.028125
0 0.7359375 0.890625 0.028125 0.0234375
0 0.2125 0.365625 0.0265625 0.025
0 0.584375 0.321875 0.0625 0.0546875
0 0.7859375 0.6765625 0.0265625 0.0203125
0 0.453125 0.665625 0.0265625 0.015625
0 0.584375 0.6390625 0.015625 0.021875
0 0.440625 0.3734375 0.01875 0.0203125
0 0.640625 0.23125 0.0203125 0.0265625
0 0.0546875 0.6640625 0.025 0.021875
0 0.2296875 0.6 0.021875 0.0234375
0 0.6859375 0.596875 0.0203125 0.021875
0 0.825 0.3328125 0.0203125 0.0375