0 0.48125 0.428125 0.0578125 0.0421875
0 0.825 0.4671875 0.04375 0.0421875
0 0.30625 0.4328125 0.1078125 0.075
0 0.9078125 0.609375 0.0671875 0.046875
0 0.496875 0.515625 0.0640625 0.0265625
0 0.575 0.475 0.0265625 0.021875
0 0.596875 0.728125 0.03125 0.0203125
0 0.334375 0.4234375 0.05625 0.0390625
0 0.7234375 0.1984375 0.0296875 0.0234375
0 0.359375 0.240625 0.0359375 0.0328125
0 0.2515625 0.2640625 0.0453125 0.04375
3 0.4984375 0.1828125 0.025 0.01875
0 0.578125 0.05625 0.03125 0.0265625
0 0.5359375 0.9203125 0.0546875 0.04375
0 0.81875 0.396875 0.015625 0.01875
0 0.65 0.7453125 0.0609375 0.046875
0 0.69375 0.753125 0.025 0.0234375
0 0.840625 0.265625 0.0234375 0.0203125
0 0.6546875 0.0546875 0.021875 0.025
3 0.43125 0.6046875 0.0140625 0.015625
3 0.58125 0.128125 0.0203125 0.01875
0 0.3890625 0.25625 0.0265625 0.015625
0 0.871875 0.8296875 0.0546875 0.034375
0 0.2171875 0.334375 0.0578125 0.0375