0 0.5046875 0.4515625 0.053125 0.0390625
0 0.1859375 0.4890625 0.040625 0.0390625
0 0.6671875 0.45625 0.1 0.0703125
0 0.1078125 0.6203125 0.0625 0.0421875
0 0.4890625 0.5328125 0.059375 0.025
0 0.4171875 0.4953125 0.025 0.0203125
0 0.396875 0.73125 0.028125 0.01875
0 0.640625 0.4484375 0.053125 0.0359375
0 0.2796875 0.2390625 0.0265625 0.021875
0 0.6171875 0.278125 0.0328125 0.03125
0 0.7171875 0.3 0.040625 0.040625
3 0.4875 0.225 0.0234375 0.0171875
0 0.4140625 0.1078125 0.028125 0.025
0 0.453125 0.909375 0.05 0.040625
0 0.190625 0.4234375 0.015625 0.0171875
0 0.3484375 0.746875 0.05625 0.0421875
0 0.30625 0.753125 0.0234375 0.021875
0 0.1703125 0.3015625 0.021875 0.01875
0 0.34375 0.10625 0.0203125 0.0234375
3 0.55 0.6171875 0.0140625 0.0140625
3 0.4109375 0.175 0.01875 0.0171875
0 0.5890625 0.29375 0.025 0.0140625
0 0.1421875 0.825 0.05 0.03125
0 0.7484375 0.365625 0.0546875 0.034375