0 0.5765625 0.3 0.0390625 0.0390625
0 0.35 0.265625 0.0328125 0.0265625
0 0.2125 0.6359375 0.025 0.0203125
0 0.2953125 0.2125 0.0203125 0.01875
0 0.3015625 0.5484375 0.071875 0.075
0 0.125 0.25625 0.0296875 0.046875
3 0.8546875 0.3578125 0.028125 0.021875
0 0.115625 0.6046875 0.028125 0.0328125
0 0.68125 0.228125 0.025 0.021875
0 0.509375 0.746875 0.0421875 0.0265625
0 0.5375 0.725 0.03125 0.0203125
0 0.45625 0.6171875 0.03125 0.046875
0 0.68125 0.5625 0.0328125 0.0265625
0 0.5296875 0.503125 0.021875 0.0140625
0 0.6953125 0.6859375 0.0625 0.0796875
0 0.7453125 0.4078125 0.0421875 0.0375
0 0.1734375 0.3828125 0.0296875 0.0203125
0 0.1015625 0.1953125 0.0421875 0.046875
0 0.790625 0.68125 0.034375 0.0328125
0 0.2828125 0.6296875 0.0484375 0.0234375
0 0.1484375 0.3625 0.01875 0.0203125
3 0.30625 0.8765625 0.028125 0.021875