0 0.596875 0.7234375 0.04375 0.04375
0 0.34375 0.7625 0.0359375 0.0296875
0 0.190625 0.35 0.028125 0.0234375
0 0.284375 0.821875 0.021875 0.0203125
0 0.2890625 0.4484375 0.08125 0.084375
0 0.09375 0.771875 0.0328125 0.053125
3 0.9046875 0.659375 0.03125 0.025
0 0.0828125 0.3859375 0.03125 0.0359375
0 0.7125 0.8046875 0.0265625 0.0234375
0 0.521875 0.2265625 0.046875 0.0296875
0 0.553125 0.2515625 0.034375 0.021875
0 0.4625 0.371875 0.034375 0.0515625
0 0.7125 0.4328125 0.0375 0.028125
0 0.54375 0.4984375 0.0234375 0.015625
0 0.728125 0.29375 0.06875 0.0875
0 0.784375 0.6046875 0.046875 0.0421875
0 0.146875 0.63125 0.0328125 0.021875
0 0.0671875 0.840625 0.046875 0.0515625
0 0.834375 0.3 0.0375 0.0359375
0 0.2703125 0.35625 0.053125 0.0265625
0 0.11875 0.6546875 0.0203125 0.0234375
3 0.296875 0.0828125 0.03125 0.025