0 0.31875 0.9484375 0.084375 0.05625
0 0.5078125 0.478125 0.0265625 0.0359375
0 0.628125 0.6515625 0.04375 0.034375
0 0.6875 0.9703125 0.0453125 0.0109375
0 0.85 0.2734375 0.0171875 0.01875
0 0.9890625 0.934375 0.0203125 0.028125
0 0.521875 0.2375 0.0296875 0.0296875
0 0.965625 0.790625 0.034375 0.0546875
0 0.2609375 0.0609375 0.03125 0.034375
0 0.7421875 0.4703125 0.05625 0.0359375
0 0.7625 0.621875 0.0484375 0.0421875
3 0.0453125 0.9125 0.01875 0.01875
0 0.8421875 0.515625 0.03125 0.0171875
0 0.15 0.4328125 0.0421875 0.0453125
0 0.071875 0.48125 0.06875 0.0359375
0 0.7890625 0.790625 0.0265625 0.0234375
0 0.209375 0.4796875 0.0734375 0.053125
0 0.4109375 0.3046875 0.05625 0.0421875
0 0.5484375 0.73125 0.0390625 0.0375