0 0.671875 0.940625 0.084375 0.0640625
0 0.484375 0.4734375 0.0265625 0.0359375
0 0.365625 0.64375 0.0421875 0.0328125
0 0.3078125 0.9640625 0.0453125 0.0234375
0 0.146875 0.2703125 0.0171875 0.01875
0 0.0109375 0.921875 0.0203125 0.028125
0 0.4703125 0.2359375 0.028125 0.0296875
0 0.034375 0.7796875 0.0328125 0.053125
0 0.728125 0.0609375 0.03125 0.0328125
0 0.253125 0.465625 0.0546875 0.034375
0 0.2328125 0.6140625 0.046875 0.040625
3 0.9390625 0.9 0.01875 0.01875
0 0.15625 0.509375 0.03125 0.0171875
0 0.8359375 0.428125 0.0421875 0.04375
0 0.9125 0.4765625 0.06875 0.034375
0 0.20625 0.7796875 0.0265625 0.0234375
0 0.778125 0.4734375 0.071875 0.053125
0 0.5796875 0.3015625 0.0546875 0.040625
0 0.44375 0.721875 0.0390625 0.0375