0 0.6421875 0.221875 0.0328125 0.0203125
0 0.5453125 0.153125 0.028125 0.028125
0 0.7421875 0.859375 0.05625 0.05
0 0.4953125 0.5390625 0.0359375 0.0296875
0 0.7375 0.3421875 0.040625 0.0421875
0 0.525 0.446875 0.0328125 0.040625
0 0.2359375 0.8046875 0.0296875 0.0421875
0 0.2578125 0.0765625 0.040625 0.0421875
0 0.4859375 0.4078125 0.0453125 0.0234375
0 0.125 0.9515625 0.0484375 0.0484375
0 0.896875 0.5046875 0.0328125 0.028125
0 0.2984375 0.2796875 0.01875 0.0171875
0 0.3234375 0.809375 0.0609375 0.0453125
0 0.596875 0.428125 0.0265625 0.0265625
0 0.8109375 0.1703125 0.053125 0.0578125
0 0.5390625 0.23125 0.0296875 0.021875
0 0.8671875 0.6265625 0.0625 0.0625
0 0.228125 0.5671875 0.0359375 0.0875
0 0.6015625 0.2609375 0.0421875 0.0296875
0 0.1609375 0.090625 0.01875 0.025
0 0.153125 0.2890625 0.075 0.1234375