0 0.1984375 0.34375 0.021875 0.0359375
0 0.1234375 0.4484375 0.0296875 0.0296875
0 0.8875 0.2359375 0.053125 0.0609375
0 0.540625 0.5015625 0.03125 0.0390625
0 0.3296875 0.240625 0.0453125 0.04375
0 0.440625 0.4703125 0.04375 0.034375
0 0.828125 0.78125 0.046875 0.03125
0 0.04375 0.7578125 0.0390625 0.04375
0 0.4 0.5109375 0.0265625 0.05
0 0.9671875 0.9015625 0.015625 0.0515625
0 0.5046875 0.06875 0.03125 0.034375
0 0.2609375 0.7140625 0.01875 0.0203125
0 0.8328125 0.6875 0.0484375 0.065625
0 0.4203125 0.3921875 0.0296875 0.028125
0 0.1421875 0.1609375 0.0625 0.0578125
0 0.209375 0.4546875 0.0234375 0.0328125
0 0.634375 0.1 0.0671875 0.0671875
0 0.5703125 0.790625 0.0953125 0.0390625
0 0.240625 0.3875 0.03125 0.0453125
0 0.0578125 0.8640625 0.0265625 0.0203125
0 0.271875 0.871875 0.1328125 0.08125