0 0.253125 0.3765625 0.05625 0.0328125
0 0.609375 0.6109375 0.0484375 0.0671875
0 0.4921875 0.79375 0.0234375 0.0390625
0 0.0546875 0.5765625 0.0421875 0.025
0 0.11875 0.0265625 0.0515625 0.009375
0 0.653125 0.7203125 0.025 0.0265625
0 0.0859375 0.7515625 0.025 0.015625
0 0.1234375 0.2953125 0.034375 0.04375
0 0.3484375 0.271875 0.0578125 0.075
0 0.5953125 0.953125 0.03125 0.01875
0 0.8421875 0.75625 0.0546875 0.0515625
0 0.4734375 0.6859375 0.03125 0.0328125
0 0.9328125 0.2890625 0.0546875 0.0328125
3 0.921875 0.7234375 0.0453125 0.0265625
0 0.1953125 0.775 0.01875 0.0203125
0 0.04375 0.08125 0.046875 0.059375
0 0.090625 0.4265625 0.0875 0.03125
3 0.959375 0.5328125 0.0515625 0.05
0 0.2203125 0.571875 0.01875 0.0203125
3 0.353125 0.175 0.025 0.0171875
3 0.5140625 0.8890625 0.0171875 0.021875
0 0.44375 0.8875 0.0421875 0.0390625
0 0.4828125 0.3765625 0.0375 0.028125
0 0.5109375 0.290625 0.059375 0.0484375
0 0.2 0.478125 0.0515625 0.040625
0 0.390625 0.70625 0.01875 0.0234375