0 0.265625 0.6109375 0.0546875 0.03125
0 0.6125 0.3828125 0.046875 0.065625
0 0.4984375 0.203125 0.0234375 0.0375
0 0.0703125 0.415625 0.0421875 0.025
0 0.1328125 0.9625 0.05 0.028125
0 0.6546875 0.2765625 0.025 0.025
0 0.1015625 0.24375 0.025 0.015625
0 0.1375 0.690625 0.034375 0.0421875
0 0.359375 0.7140625 0.05625 0.0734375
0 0.6 0.046875 0.0296875 0.01875
0 0.840625 0.240625 0.053125 0.05
0 0.4796875 0.309375 0.0296875 0.0328125
0 0.9296875 0.696875 0.053125 0.03125
3 0.9171875 0.2734375 0.0453125 0.0265625
0 0.2078125 0.221875 0.01875 0.0203125
0 0.059375 0.9 0.0453125 0.0578125
0 0.10625 0.5625 0.084375 0.03125
3 0.95625 0.4578125 0.05 0.0484375
0 0.2328125 0.4203125 0.01875 0.01875
3 0.3625 0.8078125 0.025 0.015625
3 0.5203125 0.1109375 0.015625 0.021875
0 0.4515625 0.1125 0.0421875 0.0375
0 0.4890625 0.6109375 0.0359375 0.028125
0 0.5171875 0.6953125 0.0578125 0.0484375
0 0.2125 0.5125 0.05 0.0390625
0 0.4 0.2890625 0.0171875 0.0234375