0 0.50625 0.896875 0.046875 0.03125
0 0.5421875 0.7421875 0.0453125 0.040625
0 0.48125 0.603125 0.025 0.0265625
0 0.28125 0.065625 0.04375 0.0328125
0 0.0921875 0.0484375 0.0421875 0.05
0 0.3734375 0.79375 0.034375 0.0375
0 0.38125 0.7625 0.028125 0.04375
0 0.284375 0.7796875 0.0265625 0.0203125
3 0.5140625 0.60625 0.021875 0.0171875
0 0.2390625 0.6359375 0.0203125 0.0171875
0 0.596875 0.403125 0.034375 0.04375
0 0.8640625 0.440625 0.0421875 0.0484375
0 0.403125 0.575 0.0125 0.025
0 0.4953125 0.728125 0.0375 0.015625
0 0.3125 0.5546875 0.01875 0.01875
0 0.46875 0.3953125 0.0265625 0.028125
0 0.9 0.7140625 0.0296875 0.0640625
0 0.6421875 0.7390625 0.0234375 0.025
0 0.7921875 0.440625 0.025 0.0375
0 0.3296875 0.7515625 0.040625 0.0203125
0 0.3609375 0.03125 0.0328125 0.0140625
0 0.778125 0.9140625 0.046875 0.05
0 0.5140625 0.2828125 0.0140625 0.0203125
0 0.596875 0.94375 0.015625 0.0328125
3 0.85625 0.45625 0.021875 0.0203125
2 0.6015625 0.2375 0.128125 0.08125
2 0.1703125 0.1859375 0.09375 0.065625