0 0.50625 0.109375 0.046875 0.0296875
0 0.54375 0.2625 0.0453125 0.0390625
0 0.4828125 0.3984375 0.025 0.0265625
0 0.284375 0.9296875 0.0421875 0.0328125
0 0.0984375 0.946875 0.040625 0.05
0 0.3765625 0.2109375 0.034375 0.0375
0 0.3828125 0.2421875 0.0265625 0.0421875
0 0.2890625 0.225 0.0265625 0.0203125
3 0.515625 0.396875 0.0203125 0.0171875
0 0.2421875 0.3671875 0.0203125 0.0171875
0 0.5953125 0.596875 0.034375 0.04375
0 0.8609375 0.559375 0.0421875 0.0484375
0 0.40625 0.4265625 0.0125 0.025
0 0.496875 0.2765625 0.0375 0.015625
0 0.315625 0.446875 0.0171875 0.01875
0 0.4703125 0.603125 0.0265625 0.028125
0 0.8953125 0.2890625 0.028125 0.0640625
0 0.640625 0.265625 0.0234375 0.025
0 0.790625 0.559375 0.025 0.0375
0 0.3328125 0.253125 0.040625 0.0203125
0 0.3640625 0.9671875 0.0328125 0.01875
0 0.7765625 0.0921875 0.046875 0.0484375
0 0.515625 0.715625 0.0140625 0.0203125
0 0.596875 0.0625 0.015625 0.0328125
3 0.853125 0.5453125 0.0203125 0.01875
2 0.6015625 0.7609375 0.1265625 0.08125
2 0.175 0.8109375 0.0921875 0.065625