0 0.74375 0.6578125 0.025 0.025
0 0.65625 0.175 0.0375 0.0265625
0 0.6765625 0.4125 0.0359375 0.0359375
0 0.5515625 0.1703125 0.046875 0.05625
0 0.23125 0.3171875 0.0375 0.040625
0 0.9140625 0.7734375 0.0625 0.1375
3 0.5203125 0.9484375 0.0359375 0.0421875
0 0.4375 0.2578125 0.0484375 0.0421875
0 0.4875 0.56875 0.0390625 0.0296875
3 0.5625 0.9828125 0.0125 0.015625
0 0.4671875 0.153125 0.01875 0.0234375
0 0.5 0.0296875 0.04375 0.0484375
0 0.2640625 0.4578125 0.0375 0.046875
3 0.353125 0.6390625 0.0171875 0.0171875
0 0.284375 0.190625 0.0265625 0.0328125
0 0.5 0.0546875 0.0671875 0.109375
0 0.809375 0.3671875 0.040625 0.0328125
0 0.715625 0.415625 0.01875 0.0171875
0 0.31875 0.9140625 0.065625 0.078125
0 0.253125 0.8875 0.0578125 0.0515625
0 0.16875 0.8203125 0.096875 0.0953125