0 0.6390625 0.2796875 0.0234375 0.025
0 0.1796875 0.3609375 0.025 0.034375
0 0.40625 0.3421875 0.034375 0.0328125
0 0.1765625 0.4609375 0.053125 0.04375
0 0.315625 0.7640625 0.0375 0.0359375
0 0.746875 0.1171875 0.13125 0.059375
3 0.9140625 0.4890625 0.0390625 0.034375
0 0.2578125 0.56875 0.040625 0.046875
0 0.5546875 0.521875 0.028125 0.0359375
3 0.946875 0.45 0.0140625 0.0109375
0 0.159375 0.540625 0.021875 0.0171875
0 0.0421875 0.509375 0.0453125 0.040625
0 0.4484375 0.734375 0.04375 0.0359375
3 0.6203125 0.6484375 0.015625 0.0171875
0 0.1953125 0.7140625 0.03125 0.025
0 0.065625 0.509375 0.103125 0.0625
0 0.3625 0.2171875 0.03125 0.0375
0 0.4078125 0.30625 0.0171875 0.0171875
0 0.88125 0.68125 0.0734375 0.0625
0 0.85625 0.74375 0.05 0.0546875
0 0.7921875 0.8234375 0.0890625 0.090625