3 0.1875 0.1859375 0.0203125 0.021875
0 0.9296875 0.9515625 0.0796875 0.05
0 0.6625 0.759375 0.034375 0.04375
0 0.675 0.6328125 0.025 0.028125
0 0.365625 0.4 0.0203125 0.0265625
0 0.478125 0.41875 0.103125 0.0609375
0 0.8640625 0.65 0.046875 0.0484375
0 0.425 0.853125 0.05625 0.046875
0 0.6125 0.484375 0.03125 0.0171875
0 0.809375 0.953125 0.0640625 0.0484375
0 0.6 0.809375 0.0234375 0.0484375
0 0.553125 0.828125 0.128125 0.0875
3 0.09375 0.190625 0.0296875 0.0234375
0 0.734375 0.5875 0.028125 0.04375
0 0.4203125 0.1859375 0.0828125 0.075
0 0.5296875 0.5078125 0.0234375 0.021875
0 0.7453125 0.2421875 0.015625 0.028125
0 0.7109375 0.515625 0.021875 0.0171875
0 0.4078125 0.5265625 0.05 0.0265625
0 0.3828125 0.278125 0.0234375 0.025
0 0.5578125 0.61875 0.0171875 0.021875
0 0.9578125 0.66875 0.0296875 0.03125