3 0.803125 0.1890625 0.0203125 0.0203125
0 0.071875 0.9484375 0.0796875 0.05625
0 0.334375 0.7546875 0.0328125 0.0421875
0 0.3234375 0.63125 0.025 0.028125
0 0.628125 0.4 0.0203125 0.0265625
0 0.5171875 0.41875 0.1015625 0.059375
0 0.1359375 0.646875 0.046875 0.046875
0 0.56875 0.846875 0.0546875 0.046875
0 0.384375 0.484375 0.0296875 0.0171875
0 0.190625 0.9484375 0.065625 0.0515625
0 0.396875 0.80625 0.0234375 0.046875
0 0.44375 0.8234375 0.1265625 0.0859375
3 0.896875 0.1953125 0.0296875 0.021875
0 0.2640625 0.584375 0.028125 0.04375
0 0.5734375 0.190625 0.0828125 0.0734375
0 0.4671875 0.50625 0.0234375 0.021875
0 0.253125 0.2453125 0.015625 0.028125
0 0.2875 0.5140625 0.021875 0.015625
0 0.5859375 0.525 0.05 0.0265625
0 0.6125 0.28125 0.0234375 0.0234375
0 0.4390625 0.6171875 0.0171875 0.0203125
0 0.04375 0.665625 0.0296875 0.03125