0 0.7328125 0.9078125 0.0828125 0.0578125
0 0.88125 0.93125 0.025 0.03125
0 0.3640625 0.490625 0.0328125 0.034375
0 0.7859375 0.615625 0.0265625 0.0234375
0 0.5203125 0.06875 0.0203125 0.025
0 0.4421875 0.553125 0.0421875 0.028125
0 0.4109375 0.2328125 0.0203125 0.0203125
0 0.4078125 0.365625 0.04375 0.025
0 0.38125 0.54375 0.0234375 0.0234375
0 0.9609375 0.325 0.03125 0.0828125
0 0.5765625 0.1703125 0.021875 0.025
0 0.3375 0.1984375 0.021875 0.0265625
0 0.7953125 0.0859375 0.025 0.015625
0 0.5390625 0.015625 0.0359375 0.03125
0 0.3984375 0.746875 0.021875 0.025
0 0.9171875 0.6515625 0.0453125 0.0453125
0 0.2046875 0.2640625 0.0328125 0.0421875
0 0.315625 0.896875 0.034375 0.04375
0 0.2 0.728125 0.06875 0.0703125
0 0.3703125 0.5140625 0.0578125 0.0859375
0 0.0328125 0.6421875 0.01875 0.03125