0 0.896875 0.321875 0.053125 0.0765625
0 0.91875 0.1859375 0.0296875 0.0234375
0 0.5125 0.6625 0.03125 0.0296875
0 0.6296875 0.2734375 0.021875 0.0234375
0 0.125 0.5171875 0.0234375 0.01875
0 0.5703125 0.590625 0.0265625 0.0390625
0 0.275 0.61875 0.01875 0.01875
0 0.3984375 0.6203125 0.0234375 0.040625
0 0.5625 0.6453125 0.021875 0.021875
0 0.3609375 0.10625 0.0765625 0.040625
0 0.21875 0.465625 0.021875 0.0203125
0 0.2453125 0.6859375 0.025 0.0203125
0 0.0359375 0.8890625 0.071875 0.0703125
0 0.140625 0.265625 0.015625 0.021875
0 0.065625 0.5 0.053125 0.034375
0 0.7484375 0.6296875 0.0234375 0.0203125
0 0.6625 0.153125 0.0421875 0.0421875
0 0.30625 0.8078125 0.0390625 0.0296875
0 0.8875 0.70625 0.040625 0.03125
0 0.73125 0.8125 0.0640625 0.0625
0 0.5359375 0.65625 0.0796875 0.053125
0 0.6546875 0.9671875 0.0296875 0.01875
0 0.69375 0.040625 0.0453125 0.028125