0 0.35 0.5015625 0.0390625 0.025
0 0.090625 0.546875 0.0328125 0.0390625
0 0.4640625 0.296875 0.03125 0.028125
3 0.740625 0.6328125 0.0328125 0.0359375
0 0.0578125 0.3828125 0.0359375 0.0421875
0 0.4671875 0.5609375 0.0359375 0.0453125
0 0.28125 0.6140625 0.046875 0.0546875
3 0.525 0.4015625 0.0171875 0.0265625
0 0.4203125 0.5375 0.0296875 0.0234375
0 0.49375 0.078125 0.040625 0.0375
3 0.3859375 0.478125 0.0203125 0.01875
0 0.1703125 0.23125 0.040625 0.0328125
3 0.2109375 0.75 0.015625 0.0140625
3 0.9265625 0.3 0.01875 0.0140625
3 0.6671875 0.2984375 0.021875 0.0234375