0 0.4890625 0.6703125 0.0265625 0.04375
0 0.5421875 0.9609375 0.04375 0.0375
0 0.2609375 0.54375 0.03125 0.0359375
3 0.6375 0.2328125 0.040625 0.0375
0 0.35703125 0.990625 0.0453125 0.01875
0 0.5578125 0.540625 0.05 0.0390625
0 0.6171875 0.7484375 0.0625 0.053125
3 0.378125 0.4734375 0.0296875 0.0203125
0 0.53125 0.5921875 0.0265625 0.0328125
0 0.028125 0.509375 0.0125 0.04375
3 0.4640625 0.6296875 0.0203125 0.021875
0 0.1875 0.8734375 0.0375 0.0453125
3 0.76875 0.828125 0.0171875 0.0171875
3 0.2640625 0.025 0.015625 0.021875
3 0.2625 0.3140625 0.0265625 0.0234375