0 0.3359375 0.3375 0.0203125 0.03125
3 0.76875 0.621875 0.028125 0.0234375
0 0.453125 0.428125 0.03125 0.0296875
3 0.48125 0.5328125 0.0171875 0.021875
3 0.9234375 0.3203125 0.025 0.01875
0 0.2328125 0.521875 0.0203125 0.0234375
3 0.2921875 0.6703125 0.0234375 0.01875
0 0.375 0.578125 0.0296875 0.0234375
3 0.928125 0.6578125 0.01875 0.0140625
0 0.7203125 0.26875 0.034375 0.0328125
0 0.4203125 0.78125 0.03125 0.03125
0 0.16875 0.3484375 0.0140625 0.01875
0 0.709375 0.4078125 0.0296875 0.034375
3 0.2375 0.2859375 0.0140625 0.0171875