0 0.35 0.7140625 0.034375 0.021875
3 0.6578125 0.24375 0.0265625 0.0296875
0 0.446875 0.5875 0.0328125 0.034375
3 0.5625 0.55625 0.0234375 0.01875
3 0.33125 0.075 0.0203125 0.0265625
0 0.55 0.8265625 0.0265625 0.021875
3 0.7109375 0.7609375 0.0203125 0.025
0 0.6109375 0.6703125 0.025 0.0328125
3 0.696875 0.071875 0.0140625 0.0203125
0 0.275 0.296875 0.0359375 0.0359375
0 0.83125 0.621875 0.034375 0.034375
0 0.3609375 0.8953125 0.0203125 0.015625
0 0.4265625 0.3078125 0.0375 0.0328125
3 0.29375 0.8203125 0.01875 0.015625