3 0.9625 0.3296875 0.015625 0.01875
0 0.521875 0.275 0.034375 0.0453125
0 0.1796875 0.709375 0.0265625 0.0359375
0 0.9109375 0.6234375 0.053125 0.0640625
0 0.653125 0.378125 0.0421875 0.0203125
0 0.678125 0.5390625 0.046875 0.0609375
3 0.9578125 0.4953125 0.015625 0.0140625
0 0.6734375 0.925 0.028125 0.0234375
3 0.25625 0.6203125 0.0171875 0.015625
0 0.128125 0.621875 0.0484375 0.0609375
0 0.359375 0.609375 0.015625 0.0203125
0 0.28125 0.3125 0.075 0.059375
3 0.4765625 0.3390625 0.015625 0.01875
3 0.60625 0.478125 0.0140625 0.0171875
0 0.696875 0.2046875 0.0484375 0.053125
0 0.028125 0.5234375 0.0375 0.0328125
0 0.0609375 0.0421875 0.053125 0.0375
0 0.4546875 0.1796875 0.053125 0.0828125