3 0.975 0.6875 0.0171875 0.0203125
0 0.5234375 0.74375 0.0359375 0.046875
0 0.171875 0.296875 0.0265625 0.0375
0 0.9234375 0.3859375 0.0546875 0.065625
0 0.6578125 0.6375 0.0421875 0.021875
0 0.6828125 0.471875 0.0484375 0.0625
3 0.971875 0.5171875 0.0171875 0.0140625
0 0.678125 0.0765625 0.028125 0.0234375
3 0.2515625 0.3875 0.0171875 0.015625
0 0.11875 0.3875 0.05 0.0625
0 0.35625 0.4015625 0.015625 0.0203125
0 0.275 0.7046875 0.0765625 0.0609375
3 0.4765625 0.678125 0.015625 0.01875
3 0.609375 0.5359375 0.0140625 0.0171875
0 0.703125 0.815625 0.05 0.0546875
0 0.0171875 0.4890625 0.034375 0.0328125
0 0.05 0.9703125 0.0546875 0.0125
0 0.4546875 0.840625 0.0546875 0.0859375