0 0.4703125 0.6609375 0.034375 0.0328125
0 0.6140625 0.3703125 0.0359375 0.03125
0 0.8703125 0.1 0.05625 0.05
0 0.5 0.390625 0.0453125 0.028125
0 0.4296875 0.159375 0.0234375 0.034375
0 0.7546875 0.64375 0.053125 0.08125
3 0.6078125 0.4359375 0.0328125 0.021875
3 0.15 0.31875 0.0171875 0.0171875
0 0.9171875 0.8109375 0.05 0.0390625
0 0.0921875 0.39375 0.040625 0.0515625
0 0.54375 0.5015625 0.01875 0.01875
0 0.44375 0.2875 0.0546875 0.0703125
0 0.615625 0.678125 0.0265625 0.0234375
0 0.1890625 0.578125 0.078125 0.10625
0 0.6640625 0.6828125 0.021875 0.0328125
0 0.246875 0.421875 0.0359375 0.0484375
0 0.1625 0.2359375 0.028125 0.03125
3 0.30625 0.925 0.01875 0.0265625