3 0.9671875 0.603125 0.021875 0.0234375
0 0.440625 0.659375 0.0328125 0.03125
0 0.5765625 0.3859375 0.034375 0.028125
0 0.8171875 0.1328125 0.0515625 0.046875
0 0.46875 0.40625 0.0421875 0.0265625
0 0.403125 0.1890625 0.021875 0.03125
0 0.7078125 0.6421875 0.05 0.0765625
3 0.5703125 0.446875 0.03125 0.0203125
3 0.140625 0.3390625 0.015625 0.015625
0 0.8609375 0.8 0.046875 0.0359375
0 0.0859375 0.4078125 0.0375 0.0484375
0 0.509375 0.509375 0.0171875 0.0171875
0 0.415625 0.3078125 0.0515625 0.065625
0 0.1 0.0390625 0.034375 0.028125
0 0.578125 0.675 0.025 0.021875
0 0.1765625 0.58125 0.0734375 0.1
0 0.6234375 0.6796875 0.0203125 0.0296875
0 0.2328125 0.434375 0.034375 0.0453125
0 0.1515625 0.259375 0.0265625 0.0296875
3 0.2875 0.90625 0.0171875 0.025