0 0.2796875 0.0625 0.0921875 0.0796875
3 0.0703125 0.3515625 0.03125 0.03125
0 0.4640625 0.4546875 0.025 0.0328125
0 0.840625 0.3390625 0.0265625 0.034375
3 0.2625 0.7609375 0.015625 0.0171875
0 0.5890625 0.771875 0.03125 0.0359375
0 0.5921875 0.5515625 0.015625 0.028125
0 0.8296875 0.628125 0.053125 0.0578125
0 0.734375 0.5265625 0.0203125 0.015625
0 0.1796875 0.5078125 0.0296875 0.04375
0 0.4265625 0.709375 0.0359375 0.0484375
3 0.1625 0.7796875 0.021875 0.015625
0 0.2234375 0.3953125 0.071875 0.0640625
0 0.5890625 0.4265625 0.0203125 0.01875
0 0.3890625 0.6203125 0.0859375 0.0546875
0 0.628125 0.4734375 0.01875 0.015625
0 0.7875 0.2375 0.059375 0.053125
0 0.4453125 0.0953125 0.0328125 0.05625
0 0.8625 0.68125 0.05 0.0546875
0 0.803125 0.1203125 0.0453125 0.046875
0 0.3 0.54375 0.053125 0.0265625