0 0.7203125 0.9328125 0.09375 0.0828125
3 0.928125 0.6453125 0.03125 0.03125
0 0.5375 0.5421875 0.025 0.03125
0 0.1625 0.65625 0.0265625 0.034375
3 0.7375 0.2390625 0.015625 0.0171875
0 0.4125 0.228125 0.03125 0.0359375
0 0.409375 0.4453125 0.015625 0.028125
0 0.1734375 0.3703125 0.0515625 0.0578125
0 0.2671875 0.471875 0.0203125 0.0140625
0 0.81875 0.4890625 0.028125 0.04375
0 0.5734375 0.2890625 0.0359375 0.0484375
3 0.8359375 0.21875 0.021875 0.015625
0 0.7765625 0.6015625 0.071875 0.0640625
0 0.4109375 0.571875 0.0203125 0.01875
0 0.6109375 0.3765625 0.0859375 0.0546875
0 0.3734375 0.5234375 0.01875 0.015625
0 0.2140625 0.7578125 0.059375 0.053125
0 0.5546875 0.9 0.0328125 0.05625
0 0.140625 0.3171875 0.05 0.0546875
0 0.2 0.875 0.04375 0.046875
0 0.7 0.4546875 0.0515625 0.0265625