0 0.44375 0.471875 0.046875 0.0375
0 0.225 0.2921875 0.0359375 0.0234375
0 0.5703125 0.6875 0.034375 0.0453125
0 0.6859375 0.959375 0.025 0.021875
3 0.2015625 0.509375 0.0265625 0.0234375
3 0.721875 0.73125 0.0140625 0.015625
0 0.7765625 0.4234375 0.0390625 0.0203125
0 0.5765625 0.9671875 0.0296875 0.01875
3 0.890625 0.3140625 0.0421875 0.025
0 0.1984375 0.2546875 0.0265625 0.025
0 0.2765625 0.275 0.025 0.01875
0 0.2109375 0.63125 0.015625 0.0234375
0 0.4359375 0.9671875 0.040625 0.015625
3 0.93125 0.4875 0.0421875 0.0359375
0 0.6390625 0.296875 0.0234375 0.025
3 0.1734375 0.3015625 0.0203125 0.015625
0 0.24375 0.684375 0.03125 0.034375
2 0.36875 0.1546875 0.0734375 0.0640625