0 0.55625 0.528125 0.046875 0.0375
0 0.7765625 0.7078125 0.0359375 0.0234375
0 0.43125 0.3109375 0.0359375 0.0453125
0 0.3140625 0.0375 0.025 0.021875
3 0.8015625 0.490625 0.0265625 0.0234375
3 0.2765625 0.2671875 0.0140625 0.015625
0 0.2234375 0.575 0.040625 0.0203125
0 0.425 0.03125 0.028125 0.015625
3 0.1078125 0.6859375 0.0421875 0.025
0 0.8046875 0.746875 0.0265625 0.025
0 0.725 0.7265625 0.025 0.01875
0 0.7921875 0.3671875 0.015625 0.0234375
0 0.565625 0.0296875 0.0390625 0.0140625
3 0.0671875 0.5125 0.04375 0.0359375
0 0.3609375 0.703125 0.0234375 0.025
3 0.828125 0.7 0.0203125 0.015625
0 0.7578125 0.3125 0.03125 0.034375
2 0.6328125 0.8453125 0.0734375 0.0640625