3 0.0421875 0.440625 0.021875 0.0203125
0 0.8484375 0.95625 0.08125 0.0453125
0 0.484375 0.709375 0.05 0.040625
0 0.8546875 0.4375 0.0234375 0.0203125
0 0.6359375 0.503125 0.0375 0.0390625
0 0.34375 0.5484375 0.0390625 0.0265625
0 0.675 0.415625 0.0375 0.025
0 0.3015625 0.43125 0.0375 0.028125
3 0.865625 0.56875 0.028125 0.0140625
3 0.56875 0.73125 0.01875 0.01875
0 0.796875 0.2234375 0.03125 0.0390625
0 0.3234375 0.503125 0.025 0.025
0 0.675 0.6546875 0.0484375 0.03125
0 0.7296875 0.7875 0.0609375 0.090625
0 0.3453125 0.309375 0.0296875 0.0390625
0 0.834375 0.7671875 0.06875 0.065625
0 0.5828125 0.228125 0.015625 0.0234375
0 0.515625 0.19375 0.021875 0.0171875
0 0.5765625 0.1625 0.028125 0.0234375
3 0.4359375 0.284375 0.0203125 0.0171875
3 0.34375 0.9734375 0.040625 0.009375
0 0.3140625 0.2203125 0.021875 0.0203125
3 0.2453125 0.93125 0.0171875 0.01875