3 0.946875 0.434375 0.021875 0.01875
0 0.159375 0.9453125 0.08125 0.059375
0 0.5140625 0.696875 0.0484375 0.0390625
0 0.1515625 0.43125 0.0234375 0.01875
0 0.365625 0.4953125 0.0359375 0.0390625
0 0.6515625 0.5390625 0.0390625 0.0265625
0 0.328125 0.409375 0.0375 0.0234375
0 0.69375 0.425 0.0375 0.028125
3 0.1421875 0.559375 0.028125 0.0140625
3 0.43125 0.71875 0.01875 0.01875
0 0.209375 0.221875 0.03125 0.0390625
0 0.6703125 0.4953125 0.0234375 0.0234375
0 0.328125 0.6421875 0.046875 0.03125
0 0.275 0.7734375 0.059375 0.0890625
0 0.65 0.30625 0.028125 0.0390625
0 0.171875 0.753125 0.0671875 0.0640625
0 0.4171875 0.2265625 0.015625 0.0234375
0 0.4828125 0.19375 0.021875 0.0171875
0 0.4234375 0.1625 0.0265625 0.0234375
3 0.5625 0.2828125 0.01875 0.0171875
3 0.653125 0.9625 0.040625 0.025
0 0.6796875 0.21875 0.0203125 0.0203125
3 0.746875 0.9140625 0.0171875 0.01875