0 0.5078125 0.6578125 0.0375 0.034375
3 0.915625 0.4796875 0.028125 0.028125
0 0.3640625 0.73125 0.03125 0.0359375
0 0.4375 0.2078125 0.071875 0.065625
0 0.8015625 0.54375 0.0234375 0.0296875
0 0.1203125 0.30625 0.021875 0.021875
0 0.1859375 0.6015625 0.040625 0.0390625
0 0.7859375 0.6203125 0.0234375 0.0328125
3 0.4078125 0.6515625 0.025 0.021875
0 0.5375 0.9640625 0.0296875 0.0296875
0 0.5140625 0.115625 0.025 0.0296875
3 0.6265625 0.953125 0.0203125 0.021875
0 0.240625 0.2078125 0.0203125 0.01875
0 0.2453125 0.9296875 0.04375 0.034375
0 0.2 0.3609375 0.021875 0.015625
3 0.8296875 0.2625 0.015625 0.0203125
0 0.659375 0.3671875 0.021875 0.021875