0 0.5 0.6484375 0.0375 0.0328125
3 0.8984375 0.4734375 0.0265625 0.0265625
0 0.359375 0.71875 0.03125 0.0359375
0 0.43125 0.2078125 0.0703125 0.0640625
0 0.7875 0.5375 0.021875 0.0296875
0 0.1203125 0.3046875 0.0203125 0.021875
0 0.184375 0.5921875 0.0390625 0.0375
0 0.771875 0.6109375 0.0234375 0.03125
3 0.403125 0.640625 0.0234375 0.0203125
0 0.5296875 0.9546875 0.0296875 0.0421875
0 0.50625 0.11875 0.025 0.028125
3 0.615625 0.9375 0.0203125 0.021875
0 0.2390625 0.2078125 0.0203125 0.0171875
0 0.24375 0.9140625 0.0421875 0.0328125
0 0.1984375 0.3578125 0.0203125 0.015625
3 0.8140625 0.2625 0.0140625 0.0203125
0 0.6484375 0.3640625 0.0203125 0.021875