0 0.6578125 0.4546875 0.028125 0.0328125
0 0.1390625 0.353125 0.01875 0.0234375
0 0.6125 0.3421875 0.0390625 0.0390625
0 0.075 0.375 0.01875 0.021875
0 0.628125 0.521875 0.028125 0.028125
0 0.2765625 0.1734375 0.0359375 0.034375
0 0.215625 0.653125 0.03125 0.0375
0 0.9484375 0.4875 0.03125 0.04375
0 0.4046875 0.3 0.021875 0.015625
0 0.5890625 0.653125 0.05625 0.0625
0 0.35 0.3796875 0.0453125 0.0703125
0 0.290625 0.6015625 0.0328125 0.0234375
0 0.7296875 0.040625 0.0421875 0.034375
0 0.3234375 0.646875 0.03125 0.059375
0 0.4984375 0.3171875 0.01875 0.0234375
3 0.68125 0.940625 0.028125 0.01875