0 0.5171875 0.3671875 0.0359375 0.03125
0 0.628125 0.9359375 0.025 0.0203125
0 0.640625 0.4171875 0.0421875 0.0421875
0 0.44375 0.3984375 0.0296875 0.03125
0 0.825 0.7859375 0.0375 0.040625
0 0.3 0.85 0.040625 0.034375
0 0.48125 0.05 0.0484375 0.0328125
0 0.6875 0.64375 0.0171875 0.0234375
0 0.3 0.4421875 0.06875 0.0609375
0 0.5984375 0.7046875 0.078125 0.05
0 0.35625 0.7703125 0.025 0.0359375
0 0.965625 0.2890625 0.025 0.0453125
0 0.3078125 0.7328125 0.065625 0.034375
0 0.6671875 0.5421875 0.025 0.021875