0 0.4375 0.471875 0.0515625 0.0421875
0 0.8 0.9703125 0.071875 0.015625
0 0.5546875 0.5140625 0.0359375 0.0390625
0 0.05 0.4765625 0.0890625 0.0484375
0 0.7375 0.2875 0.0328125 0.0359375
0 0.51875 0.6484375 0.028125 0.0234375
0 0.4390625 0.2046875 0.04375 0.046875
0 0.31875 0.5953125 0.0296875 0.0421875
0 0.878125 0.309375 0.0625 0.05625
0 0.7890625 0.1921875 0.0703125 0.0703125
3 0.165625 0.25 0.01875 0.01875
0 0.8765625 0.1015625 0.0375 0.0328125
3 0.5953125 0.6 0.0265625 0.0203125
3 0.1078125 0.734375 0.0328125 0.0171875
3 0.859375 0.6203125 0.01875 0.021875
0 0.384375 0.215625 0.028125 0.034375
0 0.615625 0.5328125 0.0453125 0.025
3 0.01875 0.465625 0.025 0.01875
0 0.171875 0.796875 0.0484375 0.046875
3 0.4890625 0.2703125 0.0375 0.065625