0 0.5546875 0.490625 0.0484375 0.0390625
0 0.21875 0.9625 0.0671875 0.0296875
0 0.446875 0.5296875 0.0328125 0.0375
0 0.915625 0.4953125 0.0828125 0.0453125
0 0.2765625 0.31875 0.0296875 0.0328125
0 0.4796875 0.6546875 0.025 0.021875
0 0.553125 0.2421875 0.040625 0.04375
0 0.665625 0.60625 0.028125 0.0390625
0 0.1453125 0.3390625 0.059375 0.0515625
0 0.228125 0.2296875 0.065625 0.0640625
3 0.8078125 0.284375 0.0171875 0.0171875
0 0.146875 0.1453125 0.034375 0.03125
3 0.4078125 0.609375 0.0234375 0.01875
3 0.8625 0.734375 0.03125 0.015625
3 0.1625 0.628125 0.0171875 0.0203125
0 0.6046875 0.253125 0.0265625 0.0328125
0 0.390625 0.546875 0.0421875 0.0234375
3 0.9453125 0.4859375 0.021875 0.01875
0 0.803125 0.79375 0.0453125 0.04375
3 0.5078125 0.303125 0.034375 0.0609375