0 0.9484375 0.296875 0.0484375 0.0671875
0 0.4296875 0.7859375 0.0375 0.0359375
0 0.5140625 0.909375 0.0265625 0.0234375
3 0.659375 0.4859375 0.0234375 0.01875
0 0.7640625 0.7296875 0.0296875 0.025
0 0.7484375 0.34375 0.046875 0.034375
0 0.615625 0.409375 0.0296875 0.0296875
3 0.3640625 0.6375 0.01875 0.0234375
3 0.3921875 0.0765625 0.01875 0.0265625
0 0.4859375 0.215625 0.0390625 0.025
0 0.63125 0.0953125 0.0453125 0.04375
3 0.5640625 0.5875 0.021875 0.025
0 0.83125 0.4296875 0.03125 0.040625
0 0.5953125 0.48125 0.046875 0.0265625
0 0.1734375 0.259375 0.0546875 0.0609375
3 0.2265625 0.1453125 0.015625 0.021875
0 0.215625 0.5578125 0.034375 0.0265625
3 0.7046875 0.1046875 0.0234375 0.0140625
0 0.4265625 0.23125 0.028125 0.05625
0 0.025 0.934375 0.003125 0.0609375
3 0.2296875 0.78125 0.0203125 0.015625