0 0.7015625 0.0546875 0.0671875 0.0484375
0 0.2203125 0.565625 0.034375 0.0359375
0 0.0984375 0.4828125 0.0234375 0.025
3 0.515625 0.3390625 0.01875 0.0234375
0 0.275 0.2375 0.025 0.028125
0 0.6546875 0.2515625 0.0328125 0.046875
0 0.590625 0.3828125 0.0296875 0.0296875
3 0.365625 0.6296875 0.0234375 0.01875
3 0.9171875 0.603125 0.0265625 0.01875
0 0.78125 0.509375 0.025 0.0390625
0 0.8984375 0.3671875 0.0421875 0.0453125
3 0.415625 0.4328125 0.0234375 0.021875
0 0.5703125 0.1703125 0.040625 0.03125
0 0.51875 0.4015625 0.0265625 0.046875
0 0.7390625 0.81875 0.059375 0.0546875
3 0.85 0.765625 0.0203125 0.015625
0 0.44375 0.775 0.025 0.0328125
3 0.8890625 0.29375 0.0140625 0.021875
0 0.765625 0.56875 0.05625 0.028125
0 0.0734375 0.96875 0.0609375 0.015625
3 0.225 0.7609375 0.015625 0.0203125