3 0.890625 0.7234375 0.021875 0.015625
0 0.0609375 0.34375 0.0296875 0.0328125
0 0.3890625 0.2796875 0.01875 0.0328125
0 0.1765625 0.3703125 0.021875 0.0234375
0 0.0953125 0.6078125 0.0421875 0.0421875
0 0.8265625 0.3921875 0.0421875 0.0375
0 0.39375 0.159375 0.03125 0.0359375
3 0.45 0.3015625 0.01875 0.0171875
0 0.609375 0.175 0.0328125 0.0328125
0 0.5734375 0.4578125 0.0328125 0.0125
0 0.1125 0.7078125 0.0328125 0.025
0 0.0453125 0.9203125 0.0203125 0.0421875
3 0.5109375 0.6578125 0.0171875 0.01875
3 0.315625 0.775 0.0265625 0.015625
0 0.45 0.253125 0.028125 0.0140625