3 0.7046875 0.9625 0.0171875 0.025
0 0.28125 0.040625 0.0375 0.034375
0 0.209375 0.40625 0.0359375 0.0203125
0 0.3109375 0.16875 0.025 0.025
0 0.575 0.0796875 0.046875 0.046875
0 0.334375 0.8921875 0.0421875 0.0484375
0 0.075 0.4109375 0.040625 0.034375
3 0.234375 0.471875 0.0203125 0.0203125
0 0.0921875 0.65 0.0359375 0.0359375
0 0.4078125 0.6109375 0.0140625 0.0359375
0 0.6859375 0.0984375 0.028125 0.0375
0 0.921875 0.0234375 0.046875 0.021875
3 0.63125 0.540625 0.0203125 0.01875
3 0.7609375 0.3234375 0.0171875 0.0296875
0 0.1796875 0.471875 0.015625 0.03125