3 0.9609375 0.5890625 0.01875 0.01875
3 0.26875 0.69375 0.0171875 0.021875
0 0.7921875 0.7875 0.096875 0.1046875
3 0.7796875 0.16875 0.021875 0.0234375
0 0.1453125 0.5765625 0.05625 0.059375
0 0.5625 0.371875 0.05 0.034375
0 0.2109375 0.4203125 0.0484375 0.0390625
3 0.871875 0.2984375 0.04375 0.025
0 0.725 0.5953125 0.04375 0.046875
3 0.8515625 0.240625 0.0265625 0.0234375
0 0.6171875 0.2875 0.0234375 0.025
0 0.6125 0.221875 0.021875 0.01875
0 0.134375 0.7515625 0.025 0.028125
0 0.821875 0.7578125 0.0296875 0.0359375