3 0.7078125 0.7515625 0.01875 0.0234375
0 0.134375 0.8546875 0.10625 0.1140625
3 0.1484375 0.1765625 0.0234375 0.0265625
0 0.84375 0.625 0.0609375 0.065625
0 0.3859375 0.3984375 0.0546875 0.0390625
0 0.771875 0.4515625 0.053125 0.04375
3 0.046875 0.3203125 0.046875 0.028125
0 0.2078125 0.6453125 0.0484375 0.0515625
3 0.06875 0.25625 0.0296875 0.025
0 0.325 0.3078125 0.0265625 0.028125
0 0.3296875 0.2359375 0.025 0.0203125
0 0.8546875 0.815625 0.0265625 0.03125
0 0.1015625 0.821875 0.0328125 0.0390625