3 0.9328125 0.46875 0.0140625 0.0125
3 0.4140625 0.5765625 0.0109375 0.0125
3 0.3046875 0.35 0.0140625 0.0109375
3 0.034375 0.5625 0.0109375 0.0125
3 0.425 0.4265625 0.0125 0.0109375
3 0.15 0.0890625 0.0140625 0.0140625
3 0.5828125 0.69375 0.015625 0.0140625
3 0.0453125 0.646875 0.0109375 0.0140625
3 0.1390625 0.346875 0.015625 0.0140625
3 0.8203125 0.8546875 0.034375 0.028125
3 0.93125 0.16875 0.0125 0.0109375
0 0.690625 0.303125 0.0203125 0.021875
0 0.784375 0.4078125 0.021875 0.01875
3 0.96875 0.4734375 0.009375 0.0109375
0 0.6328125 0.2296875 0.025 0.0265625
3 0.075 0.459375 0.009375 0.0125
3 0.184375 0.5140625 0.0171875 0.0140625
3 0.19375 0.8203125 0.0125 0.0171875
3 0.1765625 0.771875 0.0171875 0.01875
3 0.8609375 0.1 0.0125 0.0125
3 0.571875 0.26875 0.015625 0.0171875
0 0.759375 0.35 0.028125 0.025
3 0.9484375 0.8078125 0.0109375 0.0109375
0 0.35 0.128125 0.04375 0.0375
3 0.7828125 0.5765625 0.0203125 0.0234375
3 0.4375 0.51875 0.009375 0.009375
3 0.4078125 0.71875 0.015625 0.0109375
3 0.3515625 0.7171875 0.01875 0.0171875
0 0.6390625 0.2671875 0.0234375 0.028125
3 0.5828125 0.1421875 0.0140625 0.0125
3 0.4390625 0.6125 0.009375 0.0140625
3 0.4921875 0.9359375 0.015625 0.0171875
0 0.2515625 0.3921875 0.03125 0.025
3 0.28125 0.853125 0.0125 0.0125
3 0.734375 0.309375 0.0140625 0.0140625
0 0.365625 0.409375 0.025 0.021875
3 0.8953125 0.2875 0.015625 0.015625
3 0.5 0.9515625 0.015625 0.0171875
3 0.03125 0.6609375 0.0109375 0.015625
3 0.071875 0.5734375 0.01875 0.01875