3 0.5671875 0.9546875 0.0140625 0.015625
3 0.4453125 0.378125 0.0140625 0.0109375
3 0.696875 0.25625 0.0125 0.015625
3 0.6125 0.390625 0.0125 0.0140625
3 0.315625 0.565625 0.015625 0.0171875
3 0.7015625 0.071875 0.015625 0.01875
3 0.1359375 0.8296875 0.03125 0.0375
3 0.8984375 0.953125 0.0125 0.0140625
0 0.7515625 0.6859375 0.025 0.0234375
0 0.634375 0.7890625 0.0203125 0.025
3 0.5625 0.9953125 0.009375 0.009375
0 0.83125 0.6203125 0.028125 0.028125
3 0.5765625 0.003125 0.0140625 0.00625
3 0.515625 0.121875 0.015625 0.0203125
3 0.1734375 0.13125 0.0203125 0.0140625
3 0.228125 0.1125 0.0203125 0.0203125
3 0.9734375 0.8734375 0.00625 0.0125
3 0.7890625 0.553125 0.01875 0.01875
0 0.696875 0.7625 0.028125 0.03125
3 0.1875 0.971875 0.0125 0.0109375
0 0.9453125 0.30625 0.0421875 0.0484375
3 0.4453125 0.7875 0.0265625 0.021875
3 0.5109375 0.4046875 0.0109375 0.0109375
3 0.2890625 0.3703125 0.0125 0.0171875
3 0.2890625 0.3078125 0.01875 0.0203125
0 0.790625 0.628125 0.03125 0.0265625
3 0.9296875 0.5640625 0.0140625 0.015625
3 0.40625 0.4046875 0.015625 0.0109375
3 0.046875 0.465625 0.01875 0.0171875
0 0.65 0.196875 0.028125 0.034375
3 0.1390625 0.2296875 0.0140625 0.0140625
3 0.74375 0.7328125 0.015625 0.015625
0 0.6328125 0.3234375 0.025 0.028125
3 0.76875 0.9140625 0.0171875 0.0171875
3 0.03125 0.471875 0.0140625 0.015625
3 0.4515625 0.003125 0.0203125 0.00625