3 0.5890625 0.4515625 0.015625 0.0140625
3 0.4546875 0.415625 0.0109375 0.0109375
3 0.5359375 0.4140625 0.021875 0.0171875
3 0.4890625 0.3125 0.0125 0.0125
0 0.809375 0.215625 0.0546875 0.0546875
3 0.3921875 0.3515625 0.0171875 0.0140625
3 0.2734375 0.70625 0.01875 0.01875
3 0.640625 0.61875 0.0234375 0.0203125
3 0.4859375 0.2828125 0.0140625 0.0171875
3 0.859375 0.2265625 0.0109375 0.0140625
0 0.640625 0.725 0.03125 0.03125
0 0.340625 0.5984375 0.0359375 0.025
0 0.2453125 0.5765625 0.0453125 0.0296875
0 0.55625 0.3375 0.025 0.0328125
3 0.6046875 0.05 0.0125 0.0109375
0 0.11875 0.4734375 0.0484375 0.0421875
3 0.9203125 0.1109375 0.0109375 0.0109375
0 0.4 0.8203125 0.028125 0.0390625
3 0.9578125 0.640625 0.0265625 0.0203125
0 0.2484375 0.4046875 0.075 0.059375
0 0.709375 0.5453125 0.03125 0.0453125
3 0.3765625 0.65625 0.0125 0.0171875
3 0.121875 0.7296875 0.0171875 0.0171875
3 0.5078125 0.45 0.0109375 0.015625
3 0.584375 0.721875 0.025 0.025
0 0.44375 0.2640625 0.0234375 0.0328125
3 0.5171875 0.571875 0.0234375 0.0296875
3 0.3203125 0.3171875 0.01875 0.0171875
3 0.740625 0.4 0.015625 0.015625
0 0.11875 0.8734375 0.0421875 0.0453125
0 0.465625 0.8203125 0.0515625 0.053125
3 0.271875 0.31875 0.0203125 0.0171875
3 0.05625 0.671875 0.0109375 0.0171875
0 0.225 0.7421875 0.021875 0.0296875
3 0.959375 0.621875 0.021875 0.015625
3 0.434375 0.3046875 0.0125 0.009375
3 0.7921875 0.0671875 0.0109375 0.0109375
0 0.7125 0.675 0.0609375 0.0828125
3 0.3296875 0.3953125 0.0171875 0.021875
3 0.359375 0.45 0.0203125 0.0203125
3 0.953125 0.13125 0.0109375 0.0109375
3 0.953125 0.6734375 0.0234375 0.0140625
0 0.3203125 0.8265625 0.01875 0.025
3 0.46875 0.5578125 0.009375 0.009375
3 0.965625 0.10625 0.0109375 0.0109375
3 0.05625 0.11875 0.009375 0.0140625