3 0.4046875 0.45625 0.015625 0.0140625
3 0.5421875 0.4203125 0.0109375 0.0109375
3 0.4578125 0.4171875 0.021875 0.0171875
3 0.50625 0.3140625 0.0125 0.0125
0 0.1796875 0.215625 0.05625 0.05625
3 0.6046875 0.3546875 0.01875 0.015625
3 0.7265625 0.7171875 0.01875 0.0203125
3 0.3515625 0.6265625 0.0234375 0.021875
3 0.5109375 0.284375 0.015625 0.01875
3 0.1265625 0.2265625 0.0109375 0.0140625
0 0.3515625 0.7359375 0.0328125 0.03125
0 0.6578125 0.6078125 0.0375 0.025
0 0.75625 0.584375 0.046875 0.03125
0 0.4375 0.340625 0.0265625 0.0328125
3 0.3875 0.0453125 0.0125 0.0109375
0 0.8859375 0.4796875 0.05 0.0421875
3 0.065625 0.1078125 0.0109375 0.0125
0 0.5984375 0.834375 0.028125 0.040625
3 0.0265625 0.65 0.0265625 0.021875
0 0.753125 0.4078125 0.0765625 0.0609375
0 0.28125 0.5515625 0.03125 0.0453125
3 0.621875 0.665625 0.0140625 0.0171875
3 0.8828125 0.7421875 0.0171875 0.01875
3 0.4875 0.4546875 0.0109375 0.015625
3 0.409375 0.7328125 0.025 0.0265625
0 0.553125 0.2640625 0.025 0.034375
3 0.4765625 0.5796875 0.0234375 0.03125
3 0.6796875 0.31875 0.01875 0.0171875
3 0.2484375 0.4046875 0.015625 0.015625
0 0.8859375 0.8890625 0.04375 0.046875
0 0.5296875 0.834375 0.053125 0.0546875
3 0.7296875 0.321875 0.021875 0.0171875
3 0.9484375 0.68125 0.0109375 0.0171875
0 0.778125 0.753125 0.0234375 0.0296875
3 0.025 0.63125 0.021875 0.015625
3 0.5625 0.30625 0.0125 0.009375
3 0.196875 0.0640625 0.0109375 0.0109375
0 0.278125 0.6859375 0.0625 0.084375
3 0.66875 0.3984375 0.01875 0.021875
3 0.6390625 0.45625 0.0203125 0.0203125
3 0.0328125 0.1296875 0.0125 0.0109375
3 0.03125 0.684375 0.0234375 0.015625
0 0.6796875 0.8390625 0.01875 0.025
3 0.528125 0.565625 0.009375 0.0109375
3 0.01875 0.103125 0.0109375 0.0125
3 0.95 0.115625 0.009375 0.0140625