3 0.1828125 0.4 0.0125 0.0125
3 0.403125 0.4890625 0.009375 0.0109375
0 0.3 0.275 0.0546875 0.046875
3 0.534375 0.0890625 0.0140625 0.0125
3 0.696875 0.38125 0.0125 0.015625
0 0.48125 0.221875 0.025 0.0203125
3 0.06875 0.7578125 0.0140625 0.0125
3 0.3796875 0.4375 0.009375 0.0109375
3 0.5328125 0.503125 0.0125 0.0171875
0 0.3984375 0.246875 0.0234375 0.01875
0 0.4640625 0.9078125 0.0578125 0.046875
3 0.1875 0.103125 0.0140625 0.0140625
3 0.7203125 0.3078125 0.015625 0.0140625
3 0.9 0.5734375 0.0296875 0.0265625
3 0.15 0.609375 0.015625 0.0171875
3 0.2078125 0.5171875 0.0109375 0.0109375
3 0.0984375 0.090625 0.0125 0.0109375
3 0.5765625 0.4546875 0.025 0.025
3 0.49375 0.5546875 0.009375 0.0125
3 0.1875 0.3265625 0.015625 0.01875
0 0.1984375 0.0734375 0.046875 0.0390625
3 0.6703125 0.634375 0.0484375 0.040625
3 0.884375 0.64375 0.03125 0.0296875
3 0.928125 0.715625 0.009375 0.0125
3 0.1671875 0.796875 0.0109375 0.0109375
3 0.2984375 0.4875 0.015625 0.0203125
3 0.3078125 0.5921875 0.0125 0.015625
3 0.6359375 0.240625 0.0109375 0.015625
3 0.290625 0.6390625 0.015625 0.0140625
0 0.2765625 0.0515625 0.0234375 0.021875
3 0.1875 0.2515625 0.015625 0.0140625
0 0.5203125 0.9640625 0.025 0.0234375
0 0.3609375 0.8328125 0.059375 0.0484375
3 0.2421875 0.80625 0.025 0.028125
3 0.615625 0.1640625 0.021875 0.0234375
3 0.4609375 0.596875 0.015625 0.0171875
3 0.9625 0.3453125 0.009375 0.009375
0 0.0671875 0.4921875 0.025 0.0203125
0 0.309375 0.7078125 0.021875 0.0328125
3 0.0234375 0.35625 0.0125 0.015625