3 0.159375 0.3765625 0.0140625 0.0140625
3 0.3890625 0.4703125 0.009375 0.0109375
0 0.28125 0.246875 0.0578125 0.0484375
3 0.525 0.053125 0.0140625 0.0140625
3 0.6953125 0.3578125 0.0125 0.015625
0 0.4703125 0.1921875 0.0265625 0.021875
3 0.040625 0.75 0.0140625 0.0140625
3 0.3640625 0.415625 0.0109375 0.0109375
3 0.5234375 0.484375 0.0125 0.0171875
0 0.384375 0.21875 0.0234375 0.01875
0 0.453125 0.90625 0.0609375 0.0484375
3 0.1640625 0.06875 0.0140625 0.015625
3 0.7203125 0.28125 0.0171875 0.015625
3 0.90625 0.5578125 0.03125 0.0265625
3 0.125 0.5953125 0.0171875 0.0171875
3 0.1859375 0.5 0.0109375 0.0109375
3 0.071875 0.0546875 0.0125 0.0125
3 0.56875 0.434375 0.0265625 0.0265625
3 0.4828125 0.5390625 0.0109375 0.0125
3 0.1640625 0.3 0.0171875 0.0203125
0 0.1734375 0.040625 0.0484375 0.0328125
3 0.66875 0.6203125 0.0515625 0.0421875
3 0.890625 0.63125 0.0328125 0.03125
3 0.9359375 0.70625 0.009375 0.0125
3 0.1421875 0.790625 0.0109375 0.0109375
3 0.2796875 0.46875 0.015625 0.0203125
3 0.2890625 0.578125 0.0125 0.0171875
3 0.63125 0.2109375 0.0125 0.015625
3 0.2703125 0.6265625 0.015625 0.0140625
3 0.1640625 0.221875 0.0171875 0.015625
0 0.5109375 0.9640625 0.0234375 0.021875
0 0.3453125 0.828125 0.0609375 0.0515625
3 0.2203125 0.8 0.0265625 0.028125
3 0.6109375 0.13125 0.021875 0.0234375
3 0.4484375 0.5828125 0.015625 0.0171875
3 0.971875 0.31875 0.009375 0.0109375
0 0.0390625 0.4734375 0.0265625 0.021875
0 0.290625 0.6984375 0.0234375 0.034375