0 0.1703125 0.4859375 0.059375 0.0328125
3 0.478125 0.4875 0.0125 0.0109375
3 0.421875 0.7265625 0.0125 0.0109375
3 0.3609375 0.871875 0.0125 0.0109375
3 0.7265625 0.103125 0.0125 0.0125
3 0.3703125 0.5890625 0.015625 0.015625
3 0.484375 0.35625 0.0140625 0.0171875
3 0.5453125 0.6875 0.0125 0.015625
3 0.6921875 0.078125 0.0125 0.0109375
0 0.3265625 0.8859375 0.03125 0.0171875
3 0.5171875 0.6234375 0.0140625 0.015625
3 0.3515625 0.6984375 0.015625 0.0171875
3 0.5859375 0.1140625 0.021875 0.0234375
3 0.5078125 0.83125 0.0140625 0.0109375
3 0.7078125 0.834375 0.0171875 0.015625
3 0.5484375 0.875 0.0125 0.0109375
0 0.153125 0.2984375 0.0234375 0.040625
3 0.565625 0.8265625 0.0109375 0.009375
3 0.7046875 0.921875 0.015625 0.01875
3 0.684375 0.3703125 0.0265625 0.0234375
3 0.7078125 0.121875 0.015625 0.0109375
3 0.165625 0.2359375 0.0109375 0.0109375
0 0.3953125 0.5359375 0.053125 0.034375
0 0.1859375 0.6015625 0.015625 0.0203125
3 0.1609375 0.853125 0.0125 0.009375
0 0.8625 0.778125 0.046875 0.034375
0 0.440625 0.8265625 0.028125 0.03125
0 0.8328125 0.4921875 0.0234375 0.01875
0 0.4203125 0.39375 0.034375 0.046875
0 0.659375 0.7984375 0.0234375 0.0203125
3 0.5796875 0.2609375 0.0171875 0.0140625