0 0.5078125 0.165625 0.03125 0.0578125
3 0.50625 0.4625 0.0109375 0.0109375
3 0.275 0.409375 0.0109375 0.0125
3 0.1359375 0.35 0.0109375 0.0125
3 0.8765625 0.703125 0.0109375 0.0125
3 0.409375 0.359375 0.0140625 0.0140625
3 0.63125 0.46875 0.015625 0.0125
3 0.3125 0.5265625 0.0140625 0.0125
3 0.9 0.66875 0.0109375 0.0125
0 0.121875 0.3171875 0.0171875 0.0296875
3 0.375 0.5015625 0.015625 0.0140625
3 0.303125 0.340625 0.015625 0.015625
3 0.865625 0.5671875 0.021875 0.0203125
3 0.175 0.4921875 0.009375 0.0125
3 0.171875 0.6828125 0.015625 0.015625
3 0.1328125 0.5296875 0.009375 0.0125
0 0.6875 0.15 0.0390625 0.021875
3 0.178125 0.546875 0.009375 0.0109375
3 0.0875 0.68125 0.0171875 0.0140625
3 0.61875 0.6609375 0.0234375 0.0265625
3 0.8578125 0.684375 0.0109375 0.0140625
3 0.7484375 0.1625 0.0109375 0.0109375
0 0.459375 0.3828125 0.034375 0.05
0 0.396875 0.1828125 0.01875 0.015625
3 0.1546875 0.1578125 0.009375 0.0125
0 0.2265625 0.8328125 0.0328125 0.0453125
0 0.178125 0.428125 0.03125 0.0265625
0 0.5 0.8046875 0.0171875 0.0234375
0 0.596875 0.4078125 0.0453125 0.034375
0 0.20625 0.6359375 0.01875 0.021875
3 0.7234375 0.5609375 0.0125 0.0171875