3 0.6609375 0.6515625 0.0140625 0.0125
3 0.6953125 0.5375 0.0140625 0.0125
3 0.44375 0.278125 0.009375 0.0125
3 0.7921875 0.496875 0.0140625 0.0109375
3 0.73125 0.5015625 0.0109375 0.0109375
3 0.24375 0.5421875 0.0140625 0.0171875
3 0.678125 0.684375 0.0109375 0.0125
3 0.4921875 0.2875 0.015625 0.0171875
0 0.3 0.44375 0.028125 0.028125
3 0.5375 0.5828125 0.0140625 0.01875
0 0.31875 0.2984375 0.021875 0.028125
0 0.49375 0.1421875 0.0375 0.03125
3 0.584375 0.65625 0.015625 0.0171875
0 0.4734375 0.434375 0.0203125 0.0265625
3 0.328125 0.515625 0.009375 0.0109375
0 0.2484375 0.3578125 0.0609375 0.04375
3 0.775 0.40625 0.0140625 0.0140625
3 0.3546875 0.35 0.0203125 0.01875
3 0.1140625 0.4359375 0.015625 0.0203125
3 0.89375 0.7734375 0.009375 0.009375
0 0.284375 0.6703125 0.0234375 0.0234375
0 0.1546875 0.2984375 0.0234375 0.0203125
3 0.3265625 0.4796875 0.0125 0.009375
3 0.40625 0.765625 0.0140625 0.0171875
0 0.0765625 0.421875 0.0296875 0.0265625
3 0.790625 0.16875 0.03125 0.0421875
3 0.43125 0.70625 0.0125 0.009375
3 0.2609375 0.7890625 0.0109375 0.0109375
3 0.9734375 0.228125 0.009375 0.0109375
0 0.6703125 0.3328125 0.040625 0.028125