3 0.340625 0.353125 0.015625 0.0140625
3 0.3046875 0.4734375 0.0140625 0.0125
3 0.56875 0.746875 0.0109375 0.0125
3 0.203125 0.515625 0.015625 0.0109375
3 0.2671875 0.5109375 0.0109375 0.0125
3 0.7796875 0.46875 0.015625 0.0171875
3 0.321875 0.31875 0.0125 0.0125
3 0.5171875 0.7359375 0.0171875 0.01875
0 0.7203125 0.571875 0.0296875 0.0296875
3 0.4703125 0.425 0.015625 0.01875
0 0.7015625 0.7234375 0.021875 0.0296875
0 0.515625 0.8890625 0.0390625 0.0328125
3 0.421875 0.35 0.0171875 0.01875
0 0.5375 0.5828125 0.021875 0.0265625
3 0.690625 0.496875 0.009375 0.0109375
0 0.7734375 0.6625 0.0640625 0.046875
3 0.2203125 0.6109375 0.0140625 0.0140625
3 0.6625 0.671875 0.021875 0.0203125
3 0.915625 0.5796875 0.015625 0.021875
3 0.096875 0.225 0.0109375 0.009375
0 0.7359375 0.3328125 0.0234375 0.0234375
0 0.871875 0.725 0.025 0.021875
3 0.69375 0.534375 0.0125 0.0109375
3 0.6078125 0.234375 0.015625 0.0171875
0 0.9546875 0.5953125 0.03125 0.0265625
3 0.20625 0.8609375 0.0328125 0.0453125
3 0.5828125 0.2953125 0.0140625 0.0109375
3 0.7609375 0.209375 0.0109375 0.0125
3 0.0140625 0.7984375 0.0109375 0.0109375
0 0.33125 0.6890625 0.0421875 0.0296875