3 0.3796875 0.3109375 0.0171875 0.0125
3 0.140625 0.5140625 0.0125 0.0140625
0 0.6296875 0.0703125 0.0234375 0.0234375
3 0.834375 0.271875 0.009375 0.009375
3 0.3078125 0.3296875 0.0140625 0.0140625
3 0.2609375 0.440625 0.0171875 0.0140625
3 0.7359375 0.115625 0.0109375 0.0109375
3 0.690625 0.446875 0.0125 0.0125
3 0.1484375 0.721875 0.009375 0.0109375
3 0.85625 0.325 0.009375 0.009375
3 0.2109375 0.790625 0.009375 0.0109375
3 0.503125 0.2875 0.015625 0.0109375
3 0.625 0.63125 0.0109375 0.0109375
3 0.5484375 0.5640625 0.015625 0.0171875
3 0.7890625 0.1484375 0.0109375 0.009375
0 0.5734375 0.346875 0.015625 0.025
3 0.615625 0.6671875 0.009375 0.0125
3 0.575 0.7078125 0.009375 0.0109375
3 0.0734375 0.4265625 0.0171875 0.0109375
0 0.4 0.4015625 0.01875 0.0203125
0 0.653125 0.5703125 0.0484375 0.0296875
3 0.8671875 0.81875 0.009375 0.009375
3 0.975 0.5734375 0.0109375 0.009375
0 0.4828125 0.0328125 0.0171875 0.0203125
3 0.4734375 0.5953125 0.0125 0.0140625
0 0.3546875 0.2578125 0.03125 0.0515625
3 0.3125 0.2453125 0.0125 0.0171875
3 0.95 0.271875 0.009375 0.009375
3 0.0515625 0.6984375 0.009375 0.015625
0 0.1125 0.075 0.065625 0.0359375
0 0.44375 0.66875 0.040625 0.0453125
0 0.2515625 0.59375 0.053125 0.05625
3 0.4375 0.51875 0.009375 0.009375
3 0.7515625 0.4609375 0.009375 0.0109375
0 0.7875 0.8453125 0.0390625 0.0515625
3 0.253125 0.865625 0.0109375 0.0125
0 0.3328125 0.759375 0.0421875 0.0546875
2 0.6640625 0.36875 0.053125 0.05625
0 0.5296875 0.425 0.0296875 0.0234375