3 0.6296875 0.678125 0.0171875 0.0140625
3 0.8859375 0.459375 0.0140625 0.015625
0 0.359375 0.9375 0.025 0.025
3 0.1390625 0.7203125 0.0109375 0.0109375
3 0.7078125 0.6578125 0.0140625 0.015625
3 0.7578125 0.5375 0.01875 0.015625
3 0.2453125 0.8890625 0.0125 0.0125
3 0.29375 0.53125 0.0140625 0.0140625
3 0.878125 0.2359375 0.009375 0.0109375
3 0.115625 0.6640625 0.0109375 0.0109375
3 0.8109375 0.1609375 0.009375 0.0109375
3 0.4953125 0.7046875 0.0171875 0.0125
3 0.3640625 0.3328125 0.0109375 0.0109375
3 0.446875 0.4046875 0.0171875 0.0171875
3 0.1875 0.853125 0.0109375 0.0109375
0 0.4203125 0.6390625 0.0171875 0.0265625
3 0.3734375 0.29375 0.0109375 0.0125
3 0.41875 0.2515625 0.0109375 0.0109375
3 0.9578125 0.553125 0.01875 0.0125
0 0.60625 0.58125 0.0203125 0.021875
0 0.334375 0.3984375 0.053125 0.03125
3 0.103125 0.13125 0.0109375 0.0109375
0 0.5171875 0.971875 0.01875 0.0078125
3 0.528125 0.371875 0.0140625 0.0140625
0 0.65625 0.7359375 0.0328125 0.05625
3 0.7015625 0.75 0.0140625 0.01875
3 0.0140625 0.7203125 0.009375 0.0109375
3 0.9828125 0.259375 0.0109375 0.0171875
0 0.9171875 0.9328125 0.071875 0.0375
0 0.5609375 0.29375 0.04375 0.05
0 0.7671875 0.3734375 0.05625 0.0609375
3 0.565625 0.4546875 0.0109375 0.0109375
3 0.228125 0.5171875 0.0109375 0.0125
0 0.1890625 0.103125 0.0421875 0.0546875
3 0.765625 0.0796875 0.0125 0.0140625
0 0.678125 0.19375 0.0453125 0.059375
2 0.321875 0.615625 0.0578125 0.0609375
0 0.4671875 0.55625 0.03125 0.0265625