3 0.7875 0.6484375 0.0140625 0.0140625
0 0.6046875 0.2546875 0.0328125 0.028125
0 0.7078125 0.14375 0.01875 0.0234375
3 0.246875 0.440625 0.0125 0.015625
3 0.1828125 0.44375 0.0109375 0.0125
0 0.34375 0.1578125 0.0328125 0.025
3 0.4421875 0.75625 0.0109375 0.0125
3 0.703125 0.559375 0.0203125 0.0125
3 0.4265625 0.425 0.015625 0.015625
0 0.1296875 0.359375 0.0296875 0.028125
0 0.35 0.384375 0.04375 0.0421875
3 0.971875 0.596875 0.0109375 0.009375
3 0.8765625 0.55 0.03125 0.0265625
3 0.7453125 0.1359375 0.0125 0.0109375
3 0.553125 0.5671875 0.0203125 0.015625
3 0.3109375 0.803125 0.0109375 0.0109375
3 0.8109375 0.5265625 0.0171875 0.015625
0 0.6328125 0.41875 0.0328125 0.0328125
3 0.8296875 0.696875 0.0140625 0.0171875
3 0.7921875 0.16875 0.0109375 0.009375
3 0.95 0.29375 0.009375 0.0109375
3 0.0765625 0.39375 0.0109375 0.0125
3 0.7890625 0.215625 0.0109375 0.0125
0 0.0375 0.35625 0.040625 0.0640625
3 0.859375 0.840625 0.009375 0.009375
3 0.8984375 0.5140625 0.009375 0.0125
3 0.75 0.6046875 0.0140625 0.015625
0 0.390625 0.634375 0.028125 0.025
0 0.1578125 0.728125 0.04375 0.0265625
3 0.5625 0.7609375 0.009375 0.0109375
3 0.253125 0.6625 0.01875 0.0171875
3 0.346875 0.6203125 0.0125 0.0109375
0 0.303125 0.19375 0.0484375 0.028125
0 0.33125 0.2265625 0.0234375 0.0171875
3 0.690625 0.434375 0.0140625 0.0140625