3 0.8203125 0.2859375 0.015625 0.015625
0 0.6171875 0.7234375 0.0375 0.03125
0 0.73125 0.846875 0.021875 0.0265625
3 0.21875 0.515625 0.0140625 0.0171875
3 0.1484375 0.5125 0.0125 0.0140625
0 0.3265625 0.83125 0.0375 0.0265625
3 0.4359375 0.165625 0.0109375 0.0140625
3 0.7265625 0.384375 0.021875 0.0140625
3 0.4203125 0.5328125 0.01875 0.0171875
0 0.0890625 0.6078125 0.0328125 0.03125
0 0.334375 0.5796875 0.0484375 0.046875
3 0.9203125 0.3953125 0.0359375 0.028125
3 0.7734375 0.85625 0.0125 0.0125
3 0.5609375 0.375 0.0234375 0.0171875
3 0.290625 0.1125 0.0109375 0.0125
3 0.846875 0.4203125 0.01875 0.0171875
0 0.6484375 0.540625 0.0375 0.0375
3 0.8671875 0.23125 0.015625 0.01875
3 0.8265625 0.81875 0.0125 0.0109375
3 0.99765625 0.68125 0.0046875 0.009375
3 0.0296875 0.56875 0.0125 0.0140625
3 0.821875 0.765625 0.0109375 0.0140625
3 0.9 0.071875 0.0109375 0.0109375
3 0.94375 0.434375 0.0109375 0.0140625
3 0.778125 0.334375 0.015625 0.0171875
0 0.3796875 0.3 0.03125 0.028125
0 0.1203125 0.196875 0.05 0.0296875
3 0.5703125 0.1609375 0.009375 0.0109375
3 0.2265625 0.2703125 0.021875 0.01875
3 0.33125 0.315625 0.0140625 0.0125
0 0.28125 0.790625 0.053125 0.03125
0 0.3140625 0.7546875 0.0265625 0.01875
3 0.7140625 0.5234375 0.015625 0.015625