3 0.4171875 0.6265625 0.0125 0.015625
3 0.8453125 0.7828125 0.0125 0.0125
3 0.56875 0.8703125 0.0125 0.0140625
3 0.04375 0.5796875 0.0109375 0.0109375
3 0.7578125 0.3546875 0.0140625 0.015625
3 0.7953125 0.5546875 0.01875 0.0171875
3 0.2484375 0.4 0.01875 0.015625
0 0.69375 0.2671875 0.0390625 0.025
0 0.9859375 0.521875 0.0234375 0.0234375
3 0.525 0.8609375 0.0125 0.0203125
0 0.446875 0.2234375 0.0328125 0.028125
3 0.6640625 0.4234375 0.0109375 0.0140625
0 0.871875 0.3390625 0.0203125 0.0203125
3 0.14375 0.65 0.0125 0.015625
0 0.7375 0.4578125 0.0265625 0.021875
3 0.9203125 0.55 0.0171875 0.021875
0 0.5375 0.6390625 0.0203125 0.025
3 0.5453125 0.8375 0.0109375 0.0125
3 0.6734375 0.4921875 0.0125 0.0125
3 0.6125 0.6828125 0.015625 0.0140625
0 0.146875 0.54375 0.0421875 0.040625
3 0.15625 0.8296875 0.0109375 0.0109375
0 0.3734375 0.7609375 0.021875 0.021875
0 0.90625 0.190625 0.0265625 0.0234375
0 0.2453125 0.175 0.0171875 0.0203125
3 0.275 0.109375 0.0125 0.0125
3 0.0671875 0.2671875 0.009375 0.0109375
0 0.59375 0.7671875 0.046875 0.0359375
3 0.88125 0.7953125 0.01875 0.01875
3 0.8296875 0.853125 0.021875 0.0171875
0 0.31875 0.1203125 0.0421875 0.034375
0 0.465625 0.121875 0.0421875 0.0296875