3 0.5828125 0.621875 0.0125 0.015625
3 0.165625 0.775 0.0109375 0.0125
3 0.4359375 0.8625 0.0109375 0.0140625
3 0.9484375 0.578125 0.0109375 0.0109375
3 0.25 0.3578125 0.0140625 0.0140625
3 0.215625 0.553125 0.0171875 0.0171875
3 0.7484375 0.4015625 0.01875 0.015625
0 0.3140625 0.271875 0.0375 0.025
0 0.0265625 0.521875 0.021875 0.021875
3 0.478125 0.8515625 0.0109375 0.01875
0 0.5546875 0.2296875 0.0328125 0.028125
3 0.3421875 0.425 0.0109375 0.0140625
0 0.1390625 0.3421875 0.0203125 0.01875
3 0.8515625 0.6453125 0.0125 0.015625
0 0.2703125 0.4578125 0.025 0.0203125
3 0.0921875 0.5484375 0.015625 0.021875
0 0.4671875 0.6359375 0.0203125 0.025
3 0.4578125 0.8296875 0.0109375 0.0125
3 0.3328125 0.490625 0.0125 0.0125
3 0.39375 0.678125 0.015625 0.0140625
0 0.8484375 0.5421875 0.040625 0.0390625
3 0.8375 0.821875 0.0109375 0.0109375
0 0.6265625 0.753125 0.021875 0.021875
0 0.1046875 0.196875 0.025 0.0234375
0 0.75 0.1828125 0.0171875 0.0203125
3 0.721875 0.11875 0.0125 0.0125
3 0.925 0.271875 0.009375 0.0109375
0 0.4109375 0.759375 0.0453125 0.034375
3 0.1296875 0.7875 0.01875 0.01875
3 0.18125 0.84375 0.0203125 0.0171875
0 0.6796875 0.1296875 0.0421875 0.034375
0 0.5359375 0.1296875 0.0421875 0.028125