0 0.7125 0.3328125 0.0265625 0.021875
3 0.6421875 0.7265625 0.0125 0.0140625
3 0.7359375 0.7515625 0.0140625 0.01875
0 0.309375 0.2625 0.04375 0.03125
3 0.4828125 0.85 0.0109375 0.0125
3 0.84375 0.309375 0.0125 0.0109375
3 0.4953125 0.2625 0.0125 0.0125
3 0.7859375 0.7390625 0.015625 0.021875
3 0.7421875 0.1484375 0.015625 0.0125
3 0.8265625 0.2234375 0.0171875 0.0140625
0 0.4703125 0.73125 0.025 0.034375
0 0.4671875 0.5828125 0.034375 0.0203125
3 0.63125 0.4703125 0.01875 0.0171875
3 0.86875 0.3703125 0.0109375 0.0140625
0 0.1140625 0.68125 0.05 0.0390625
0 0.2328125 0.1640625 0.0296875 0.0296875
3 0.178125 0.7046875 0.0125 0.0140625
3 0.084375 0.128125 0.009375 0.0125
0 0.184375 0.48125 0.0234375 0.01875
0 0.10625 0.084375 0.021875 0.025
0 0.659375 0.6421875 0.025 0.0171875
3 0.1 0.484375 0.0109375 0.0109375
3 0.9796875 0.621875 0.0109375 0.0109375
3 0.9421875 0.55 0.009375 0.009375
0 0.6 0.7703125 0.0515625 0.0375
3 0.9609375 0.3125 0.009375 0.0109375
0 0.6828125 0.1171875 0.0234375 0.015625
3 0.48125 0.3609375 0.009375 0.0109375
3 0.8921875 0.4421875 0.0125 0.0125
3 0.3859375 0.9109375 0.01875 0.0140625
3 0.1 0.1484375 0.0140625 0.0171875
3 0.3296875 0.8125 0.0109375 0.0125
3 0.8515625 0.7890625 0.009375 0.0109375
0 0.0375 0.83125 0.028125 0.03125
3 0.7328125 0.7890625 0.021875 0.0203125
3 0.540625 0.0515625 0.0125 0.0171875
0 0.7671875 0.8828125 0.0390625 0.0578125
3 0.4859375 0.8765625 0.0109375 0.0140625
0 0.6234375 0.390625 0.0296875 0.0390625