0 0.703125 0.3328125 0.0265625 0.021875
3 0.634375 0.7171875 0.0125 0.0140625
3 0.7265625 0.740625 0.0140625 0.0171875
0 0.309375 0.2640625 0.0421875 0.0296875
3 0.4796875 0.8375 0.0109375 0.0125
3 0.83125 0.309375 0.0125 0.0109375
3 0.490625 0.2640625 0.0125 0.0125
3 0.775 0.7296875 0.0140625 0.0203125
3 0.73125 0.1515625 0.0140625 0.0125
3 0.815625 0.225 0.0171875 0.0125
0 0.4671875 0.721875 0.0234375 0.034375
0 0.4640625 0.5765625 0.0328125 0.0203125
3 0.6234375 0.4671875 0.01875 0.0171875
3 0.85625 0.3703125 0.0109375 0.0140625
0 0.11875 0.6734375 0.05 0.0390625
0 0.234375 0.1671875 0.0296875 0.0296875
3 0.18125 0.696875 0.0125 0.0140625
3 0.0890625 0.1328125 0.009375 0.0109375
0 0.1875 0.478125 0.0234375 0.0171875
0 0.1109375 0.0890625 0.0203125 0.025
0 0.6515625 0.634375 0.025 0.0171875
3 0.1046875 0.4796875 0.0109375 0.0109375
3 0.9640625 0.6140625 0.0109375 0.0109375
3 0.928125 0.5453125 0.009375 0.009375
0 0.59375 0.759375 0.05 0.0359375
3 0.946875 0.3125 0.009375 0.0109375
0 0.6734375 0.121875 0.0234375 0.0140625
3 0.4765625 0.3609375 0.009375 0.009375
3 0.878125 0.4390625 0.0125 0.0125
3 0.384375 0.896875 0.01875 0.0140625
3 0.1046875 0.153125 0.0140625 0.0171875
3 0.328125 0.8 0.0109375 0.0125
3 0.8390625 0.778125 0.009375 0.0109375
0 0.04375 0.8203125 0.0265625 0.0296875
3 0.721875 0.778125 0.0203125 0.0203125
3 0.5359375 0.0578125 0.0125 0.015625
0 0.75625 0.8703125 0.0375 0.05625
3 0.48125 0.8625 0.0109375 0.0140625
0 0.6171875 0.3890625 0.0296875 0.0375