3 0.6859375 0.4734375 0.009375 0.0140625
3 0.4765625 0.709375 0.0125 0.0109375
3 0.040625 0.45625 0.0125 0.0125
3 0.3671875 0.4421875 0.0109375 0.015625
3 0.546875 0.7390625 0.0109375 0.0109375
0 0.296875 0.2234375 0.025 0.0234375
3 0.165625 0.7828125 0.0125 0.0109375
3 0.290625 0.2734375 0.0109375 0.0109375
3 0.2265625 0.3875 0.0109375 0.0140625
3 0.31875 0.6875 0.0125 0.0109375
3 0.5953125 0.2875 0.0109375 0.009375
3 0.18125 0.1578125 0.015625 0.0109375
3 0.0546875 0.6640625 0.009375 0.009375
0 0.6171875 0.4390625 0.0234375 0.0296875
0 0.35 0.19375 0.025 0.0234375
3 0.5875 0.559375 0.0140625 0.0140625
3 0.0890625 0.321875 0.0125 0.0109375
3 0.459375 0.203125 0.0171875 0.0171875
3 0.6203125 0.8234375 0.0125 0.0125
0 0.596875 0.2328125 0.021875 0.015625
3 0.06875 0.371875 0.0125 0.0140625
3 0.04375 0.5765625 0.009375 0.0140625
3 0.3953125 0.575 0.0140625 0.0140625
3 0.084375 0.8734375 0.009375 0.0109375
0 0.7171875 0.2859375 0.05 0.0375
3 0.1 0.2375 0.01875 0.0125
3 0.4515625 0.1703125 0.0109375 0.0125
3 0.375 0.0640625 0.0140625 0.0171875
3 0.9203125 0.6265625 0.015625 0.015625
0 0.8015625 0.0796875 0.01875 0.0265625
3 0.26875 0.734375 0.0125 0.0125
0 0.8828125 0.634375 0.0140625 0.0234375
0 0.4640625 0.8109375 0.0328125 0.046875
0 0.915625 0.8078125 0.0296875 0.0359375
0 0.5546875 0.36875 0.0359375 0.040625
0 0.7328125 0.5796875 0.0171875 0.0234375
3 0.73125 0.29375 0.01875 0.0171875
0 0.63125 0.5421875 0.034375 0.046875
0 0.2578125 0.128125 0.021875 0.0171875
3 0.5046875 0.54375 0.009375 0.009375
3 0.978125 0.4640625 0.01875 0.0171875