3 0.315625 0.475 0.009375 0.0140625
3 0.525 0.709375 0.0125 0.0109375
3 0.9578125 0.4578125 0.0125 0.0125
3 0.6328125 0.44375 0.0109375 0.015625
3 0.4546875 0.7390625 0.0109375 0.0109375
0 0.703125 0.2265625 0.025 0.0234375
3 0.8328125 0.78125 0.0109375 0.009375
3 0.709375 0.2765625 0.0109375 0.0109375
3 0.7734375 0.3890625 0.0109375 0.0140625
3 0.68125 0.6875 0.0125 0.0109375
3 0.40625 0.2890625 0.0109375 0.009375
3 0.8171875 0.1609375 0.015625 0.0109375
3 0.94375 0.6640625 0.009375 0.009375
0 0.384375 0.4390625 0.0234375 0.0296875
0 0.65 0.196875 0.025 0.0234375
3 0.4140625 0.559375 0.0140625 0.0140625
3 0.9109375 0.3234375 0.0125 0.0109375
3 0.540625 0.20625 0.0171875 0.0171875
3 0.38125 0.8234375 0.0125 0.0125
0 0.4046875 0.2359375 0.021875 0.015625
3 0.9296875 0.3734375 0.0125 0.0140625
3 0.9546875 0.5765625 0.009375 0.0125
3 0.6046875 0.575 0.0125 0.0140625
3 0.9140625 0.871875 0.009375 0.0109375
0 0.2859375 0.2875 0.0484375 0.0375
3 0.9 0.2390625 0.01875 0.0125
3 0.5484375 0.1734375 0.0109375 0.0125
3 0.625 0.0671875 0.0140625 0.0171875
3 0.0828125 0.6265625 0.015625 0.015625
0 0.2015625 0.0828125 0.01875 0.0265625
3 0.73125 0.734375 0.0125 0.0125
0 0.1203125 0.6359375 0.0140625 0.0234375
0 0.5359375 0.8109375 0.0328125 0.046875
0 0.0875 0.8078125 0.0296875 0.0359375
0 0.446875 0.3703125 0.0359375 0.040625
0 0.2703125 0.5796875 0.0171875 0.021875
3 0.2703125 0.296875 0.01875 0.0171875
0 0.3703125 0.5421875 0.034375 0.046875
0 0.7421875 0.13125 0.0203125 0.0171875
3 0.496875 0.5453125 0.009375 0.009375
3 0.025 0.465625 0.01875 0.0171875