3 0.9265625 0.6359375 0.009375 0.0109375
3 0.26875 0.3328125 0.0125 0.015625
0 0.340625 0.1171875 0.0234375 0.0234375
3 0.6921875 0.3421875 0.0125 0.0125
3 0.421875 0.2484375 0.0140625 0.015625
0 0.35 0.2359375 0.0234375 0.0171875
3 0.3 0.6 0.0140625 0.009375
3 0.8796875 0.384375 0.015625 0.0140625
0 0.1453125 0.409375 0.0375 0.0421875
3 0.3609375 0.6109375 0.015625 0.0140625
3 0.7953125 0.2609375 0.0125 0.0140625
3 0.3375 0.70625 0.015625 0.01875
0 0.6921875 0.5140625 0.01875 0.025
0 0.48125 0.3109375 0.0328125 0.0265625
3 0.1921875 0.5578125 0.021875 0.0171875
0 0.19375 0.359375 0.025 0.0203125
0 0.696875 0.6171875 0.0453125 0.0328125
3 0.040625 0.678125 0.015625 0.0234375
0 0.2015625 0.4609375 0.04375 0.0359375
3 0.9875 0.7515625 0.01875 0.0265625
0 0.2453125 0.721875 0.0265625 0.0375
3 0.1484375 0.0984375 0.009375 0.0109375
3 0.521875 0.421875 0.021875 0.0171875
3 0.503125 0.375 0.0109375 0.0125
3 0.9171875 0.2796875 0.0109375 0.0125
0 0.125 0.8515625 0.0359375 0.0375
3 0.4203125 0.5546875 0.009375 0.009375
0 0.5765625 0.5578125 0.0703125 0.0453125
3 0.2765625 0.646875 0.0109375 0.0109375
3 0.5625 0.7390625 0.009375 0.0109375
0 0.659375 0.3046875 0.025 0.025
3 0.359375 0.81875 0.0109375 0.0109375
3 0.9546875 0.7609375 0.0109375 0.0234375
0 0.0125 0.7890625 0.025 0.05
3 0.9859375 0.796875 0.0109375 0.0125
0 0.4921875 0.890625 0.053125 0.0390625
3 0.28125 0.7953125 0.01875 0.025
3 0.353125 0.5234375 0.009375 0.0125
3 0.9171875 0.70625 0.009375 0.009375