3 0.6875 0.0609375 0.0109375 0.0109375
3 0.3515625 0.790625 0.0171875 0.0140625
0 0.1109375 0.7109375 0.0265625 0.0265625
3 0.3609375 0.321875 0.0125 0.0140625
3 0.25625 0.6203125 0.0171875 0.015625
0 0.24375 0.7 0.01875 0.025
3 0.646875 0.75625 0.0109375 0.015625
3 0.4078125 0.1140625 0.015625 0.0171875
0 0.4359375 0.928125 0.0453125 0.040625
3 0.659375 0.6875 0.0140625 0.0171875
3 0.271875 0.2078125 0.015625 0.0125
3 0.7640625 0.7140625 0.0203125 0.0171875
0 0.5515625 0.321875 0.028125 0.021875
0 0.3265625 0.5546875 0.0296875 0.0359375
3 0.6 0.8765625 0.01875 0.0234375
0 0.3796875 0.8734375 0.0234375 0.028125
0 0.665625 0.315625 0.0359375 0.05
0 0.4921875 0.865625 0.040625 0.0484375
0 0.7828125 0.815625 0.040625 0.0296875
3 0.090625 0.9234375 0.0109375 0.0109375
3 0.4484375 0.509375 0.0203125 0.0234375
3 0.396875 0.53125 0.0140625 0.0109375
3 0.2921875 0.0734375 0.0140625 0.0125
0 0.9265625 0.9515625 0.040625 0.0390625
3 0.596875 0.621875 0.0109375 0.0109375
0 0.6 0.45 0.05 0.078125
3 0.7 0.78125 0.0125 0.0109375
3 0.8015625 0.465625 0.0125 0.0109375
0 0.31875 0.3578125 0.028125 0.028125
3 0.890625 0.690625 0.0109375 0.0109375
3 0.825 0.03125 0.025 0.0125
0 0.9625 0.54375 0.03125 0.059375
3 0.8640625 0.778125 0.0265625 0.0203125
3 0.5625 0.696875 0.0125 0.0109375
3 0.765625 0.071875 0.0109375 0.009375