0 0.521875 0.3171875 0.028125 0.028125
3 0.959375 0.39375 0.0171875 0.015625
0 0.3734375 0.2375 0.025 0.01875
3 0.2765625 0.346875 0.0109375 0.0109375
3 0.1015625 0.5140625 0.0203125 0.021875
0 0.31875 0.146875 0.075 0.0703125
3 0.3609375 0.753125 0.0328125 0.021875
0 0.0578125 0.5984375 0.0359375 0.025
3 0.190625 0.4375 0.0109375 0.015625
0 0.3015625 0.159375 0.0359375 0.040625
0 0.5515625 0.2875 0.0203125 0.0234375
0 0.1078125 0.2171875 0.059375 0.0625
3 0.45625 0.5859375 0.009375 0.0109375
3 0.9984375 0.4546875 0.003125 0.0125
3 0.9984375 0.7484375 0.0015625 0.0125
3 0.2765625 0.553125 0.0125 0.0125
0 0.7171875 0.6765625 0.05625 0.028125
3 0.6234375 0.7609375 0.0140625 0.0140625
3 0.8375 0.1953125 0.0109375 0.015625
0 0.340625 0.1234375 0.025 0.025
3 0.28125 0.8109375 0.0390625 0.0390625
0 0.3078125 0.7265625 0.0234375 0.03125
0 0.96875 0.590625 0.034375 0.0453125
0 0.4125 0.959375 0.0328125 0.0328125
3 0.1171875 0.353125 0.0125 0.0140625