0 0.4890625 0.296875 0.025 0.025
3 0.8875 0.3671875 0.015625 0.0140625
0 0.3546875 0.225 0.0234375 0.0171875
3 0.265625 0.325 0.009375 0.0109375
3 0.10625 0.478125 0.01875 0.0203125
3 0.9359375 0.6203125 0.0109375 0.0109375
0 0.303125 0.1421875 0.0671875 0.0640625
3 0.3421875 0.69375 0.0296875 0.01875
0 0.065625 0.553125 0.0328125 0.0234375
3 0.1875 0.4078125 0.009375 0.0140625
0 0.2875 0.153125 0.0328125 0.0359375
0 0.515625 0.2703125 0.01875 0.0203125
0 0.1125 0.20625 0.053125 0.0578125
3 0.428125 0.5421875 0.0078125 0.009375
3 0.925 0.4234375 0.009375 0.0109375
3 0.9265625 0.6890625 0.0078125 0.0109375
3 0.265625 0.5125 0.0109375 0.0109375
3 0.9640625 0.7421875 0.0125 0.025
0 0.6671875 0.625 0.0515625 0.0265625
3 0.58125 0.7015625 0.0125 0.0125
3 0.7765625 0.1859375 0.0109375 0.0140625
0 0.325 0.121875 0.0234375 0.021875
3 0.2703125 0.746875 0.034375 0.0359375
3 0.753125 0.9109375 0.009375 0.0125
0 0.29375 0.6703125 0.0203125 0.028125
0 0.8953125 0.546875 0.03125 0.040625
0 0.390625 0.8828125 0.03125 0.03125
3 0.7234375 0.94375 0.0125 0.0125
3 0.1203125 0.3296875 0.0109375 0.0125