0 0.140625 0.3890625 0.0359375 0.0390625
0 0.55 0.346875 0.0390625 0.025
0 0.4703125 0.5453125 0.0234375 0.028125
0 0.078125 0.2671875 0.028125 0.0265625
3 0.2078125 0.74375 0.021875 0.021875
3 0.6953125 0.321875 0.0125 0.0109375
3 0.271875 0.71875 0.0140625 0.0109375
0 0.8828125 0.5828125 0.034375 0.0546875
3 0.89375 0.4078125 0.015625 0.0125
0 0.2453125 0.85 0.01875 0.034375
3 0.925 0.4671875 0.009375 0.0109375
0 0.471875 0.196875 0.028125 0.0328125
0 0.4015625 0.184375 0.025 0.0265625
3 0.803125 0.21875 0.0109375 0.0140625
3 0.940625 0.3078125 0.009375 0.009375
0 0.175 0.60625 0.0765625 0.075
3 0.915625 0.6625 0.009375 0.0109375
0 0.571875 0.603125 0.0203125 0.01875
0 0.38125 0.2125 0.0234375 0.01875
3 0.1734375 0.8125 0.015625 0.0109375
3 0.2140625 0.790625 0.0171875 0.0109375
0 0.4484375 0.7296875 0.0578125 0.053125
3 0.55625 0.7078125 0.0109375 0.0109375
0 0.146875 0.778125 0.0203125 0.021875
3 0.15 0.9015625 0.0125 0.0140625
3 0.2875 0.6078125 0.0109375 0.0140625
3 0.3125 0.4 0.009375 0.009375
0 0.065625 0.7796875 0.0421875 0.0265625
3 0.5421875 0.0484375 0.0140625 0.0125