0 0.8671875 0.384375 0.0375 0.0390625
0 0.4421875 0.3390625 0.040625 0.025
0 0.5265625 0.5453125 0.0234375 0.0296875
0 0.9328125 0.2578125 0.0296875 0.028125
3 0.7984375 0.75 0.021875 0.0234375
3 0.29375 0.3140625 0.0125 0.0125
3 0.73125 0.725 0.0140625 0.0125
0 0.1 0.584375 0.0359375 0.05625
3 0.0875 0.403125 0.015625 0.0140625
0 0.759375 0.8609375 0.01875 0.034375
3 0.05625 0.465625 0.009375 0.0109375
0 0.5234375 0.184375 0.0296875 0.034375
0 0.596875 0.171875 0.0265625 0.028125
3 0.18125 0.2078125 0.0109375 0.0140625
3 0.0390625 0.2984375 0.009375 0.0109375
0 0.83125 0.6078125 0.0796875 0.078125
3 0.0640625 0.6671875 0.0109375 0.0109375
0 0.421875 0.6046875 0.0203125 0.0203125
0 0.61875 0.2 0.025 0.01875
3 0.834375 0.821875 0.015625 0.0125
3 0.790625 0.8 0.0171875 0.0109375
0 0.5484375 0.7375 0.0609375 0.0546875
3 0.4375 0.7125 0.0125 0.0109375
0 0.8609375 0.7875 0.0203125 0.021875
3 0.8578125 0.9140625 0.0125 0.015625
3 0.7140625 0.6109375 0.0109375 0.0140625
3 0.6890625 0.3953125 0.0109375 0.0109375
0 0.9453125 0.7875 0.04375 0.0265625
3 0.4515625 0.03125 0.0140625 0.0125