3 0.2234375 0.3640625 0.0125 0.0109375
3 0.1140625 0.321875 0.009375 0.0125
3 0.0671875 0.4609375 0.0109375 0.0125
0 0.390625 0.3125 0.021875 0.021875
3 0.8171875 0.190625 0.0109375 0.0125
3 0.915625 0.2828125 0.0109375 0.0109375
3 0.2390625 0.2796875 0.0125 0.0109375
3 0.5671875 0.5421875 0.0140625 0.0140625
0 0.140625 0.921875 0.015625 0.0265625
3 0.190625 0.4765625 0.0125 0.0125
3 0.971875 0.746875 0.0328125 0.0421875
3 0.2328125 0.6828125 0.009375 0.0109375
0 0.5265625 0.728125 0.028125 0.0484375
0 0.76875 0.4421875 0.0640625 0.053125
3 0.1203125 0.4921875 0.0171875 0.0203125
0 0.3953125 0.59375 0.028125 0.028125
0 0.146875 0.6140625 0.03125 0.021875
3 0.128125 0.753125 0.015625 0.0140625
0 0.8796875 0.565625 0.0203125 0.025
3 0.621875 0.3953125 0.0296875 0.0265625
3 0.8953125 0.70625 0.009375 0.009375
3 0.275 0.5203125 0.0421875 0.028125
0 0.890625 0.403125 0.015625 0.0234375
3 0.696875 0.56875 0.01875 0.01875
3 0.465625 0.64375 0.0140625 0.0203125
0 0.4046875 0.2765625 0.0578125 0.028125
0 0.284375 0.6640625 0.0390625 0.0421875
0 0.3578125 0.8359375 0.0375 0.0296875
0 0.3546875 0.2171875 0.0234375 0.0171875
0 0.628125 0.7140625 0.05 0.046875
0 0.290625 0.83125 0.0515625 0.040625