3 0.3640625 0.7765625 0.0109375 0.0125
3 0.321875 0.8859375 0.0125 0.009375
3 0.4609375 0.9328125 0.0125 0.0109375
0 0.3125 0.609375 0.021875 0.021875
3 0.190625 0.1828125 0.0125 0.0109375
3 0.2828125 0.084375 0.0109375 0.0109375
3 0.2796875 0.7609375 0.0109375 0.0125
3 0.5421875 0.4328125 0.0140625 0.0140625
0 0.921875 0.859375 0.0265625 0.015625
3 0.4765625 0.809375 0.0125 0.0125
3 0.746875 0.028125 0.0421875 0.0328125
3 0.6828125 0.7671875 0.0109375 0.009375
0 0.728125 0.4734375 0.0484375 0.028125
0 0.4421875 0.23125 0.053125 0.0640625
3 0.4921875 0.8796875 0.0203125 0.0171875
0 0.59375 0.6046875 0.028125 0.028125
0 0.6140625 0.853125 0.021875 0.03125
3 0.753125 0.871875 0.0140625 0.015625
0 0.565625 0.1203125 0.025 0.0203125
3 0.3953125 0.378125 0.0265625 0.0296875
3 0.70625 0.1046875 0.009375 0.009375
3 0.5203125 0.725 0.028125 0.0421875
0 0.403125 0.109375 0.0234375 0.015625
3 0.56875 0.303125 0.01875 0.01875
3 0.64375 0.534375 0.0203125 0.0140625
0 0.2765625 0.5953125 0.028125 0.0578125
0 0.6640625 0.715625 0.0421875 0.0390625
0 0.8359375 0.6421875 0.0296875 0.0375
0 0.2171875 0.6453125 0.0171875 0.0234375
0 0.7140625 0.371875 0.046875 0.05
0 0.83125 0.709375 0.040625 0.0515625