3 0.8921875 0.5625 0.0234375 0.0296875
3 0.8359375 0.18125 0.0109375 0.0125
3 0.371875 0.2953125 0.015625 0.0140625
0 0.55 0.5734375 0.0375 0.0375
3 0.9890625 0.7453125 0.015625 0.0171875
3 0.0515625 0.634375 0.0125 0.0125
3 0.890625 0.4359375 0.0234375 0.0203125
3 0.5078125 0.534375 0.0140625 0.0140625
0 0.553125 0.4953125 0.0328125 0.0375
0 0.1359375 0.5875 0.025 0.0484375
3 0.2328125 0.4140625 0.0140625 0.0109375
0 0.690625 0.2296875 0.0359375 0.0359375
3 0.2359375 0.0859375 0.0140625 0.0140625
3 0.934375 0.6265625 0.009375 0.0125
3 0.7546875 0.2921875 0.0140625 0.0140625
0 0.2390625 0.315625 0.0734375 0.075
3 0.315625 0.45625 0.021875 0.0125
0 0.1890625 0.503125 0.0359375 0.0265625
3 0.95625 0.7515625 0.0125 0.025
3 0.284375 0.55 0.0109375 0.0125
0 0.69375 0.6015625 0.025 0.0328125
0 0.5484375 0.6953125 0.0453125 0.03125
3 0.6359375 0.653125 0.0234375 0.01875
0 0.3703125 0.2125 0.0234375 0.015625
3 0.9359375 0.2734375 0.009375 0.0109375
3 0.7375 0.9234375 0.0109375 0.0125
0 0.578125 0.4953125 0.0296875 0.034375
3 0.2640625 0.3015625 0.0203125 0.01875
0 0.7 0.30625 0.025 0.0203125
3 0.640625 0.5703125 0.0109375 0.015625
0 0.434375 0.18125 0.03125 0.028125
3 0.7328125 0.675 0.0234375 0.0296875
3 0.609375 0.053125 0.0125 0.015625
0 0.2046875 0.840625 0.034375 0.0265625