3 0.0875 0.571875 0.0234375 0.03125
3 0.1453125 0.1796875 0.0125 0.0140625
3 0.621875 0.296875 0.015625 0.0140625
0 0.4390625 0.5828125 0.0375 0.0375
3 0.9515625 0.6453125 0.0140625 0.0140625
3 0.0890625 0.4421875 0.0234375 0.0203125
3 0.48125 0.54375 0.0140625 0.0140625
0 0.4359375 0.503125 0.0328125 0.0390625
0 0.8640625 0.596875 0.0265625 0.05
3 0.765625 0.41875 0.0140625 0.0109375
0 0.29375 0.2296875 0.0375 0.0375
3 0.7609375 0.08125 0.0140625 0.0140625
3 0.04375 0.6375 0.0109375 0.0140625
3 0.228125 0.29375 0.0140625 0.015625
0 0.7578125 0.3171875 0.075 0.078125
3 0.678125 0.4625 0.021875 0.0125
0 0.809375 0.5109375 0.0375 0.0265625
3 0.0203125 0.765625 0.0125 0.025
3 0.7109375 0.559375 0.0109375 0.0125
0 0.290625 0.6109375 0.025 0.034375
0 0.440625 0.7078125 0.046875 0.0328125
3 0.3515625 0.6640625 0.025 0.0203125
0 0.6234375 0.2125 0.0234375 0.0171875
3 0.0421875 0.275 0.009375 0.0109375
3 0.246875 0.9421875 0.0109375 0.0125
0 0.4109375 0.503125 0.0296875 0.0359375
3 0.7328125 0.303125 0.021875 0.01875
0 0.284375 0.309375 0.0265625 0.0203125
3 0.3453125 0.5796875 0.0109375 0.015625
0 0.5578125 0.1796875 0.03125 0.028125
3 0.25 0.6875 0.025 0.03125
3 0.378125 0.0484375 0.0140625 0.0171875
0 0.7921875 0.8578125 0.034375 0.0265625