0 0.8453125 0.775 0.0234375 0.0296875
0 0.5140625 0.89375 0.0296875 0.021875
3 0.48125 0.5515625 0.0140625 0.0140625
0 0.440625 0.7796875 0.0203125 0.0234375
3 0.83125 0.1828125 0.0140625 0.0109375
3 0.1734375 0.5 0.0109375 0.0109375
3 0.571875 0.11875 0.0203125 0.028125
0 0.5765625 0.975 0.0296875 0.025
3 0.1703125 0.278125 0.0140625 0.0125
0 0.4 0.5953125 0.021875 0.0265625
3 0.3734375 0.071875 0.0125 0.0125
3 0.7921875 0.003125 0.0109375 0.00625
3 0.3125 0.46875 0.0234375 0.015625
0 0.6375 0.4609375 0.0234375 0.028125
3 0.1421875 0.7671875 0.0140625 0.01875
3 0.209375 0.5390625 0.0109375 0.0109375
3 0.3375 0.371875 0.0140625 0.0125
0 0.4171875 0.503125 0.03125 0.04375
0 0.83125 0.4796875 0.028125 0.0375
0 0.8171875 0.421875 0.05 0.0734375
0 0.7921875 0.6546875 0.01875 0.0265625
3 0.5265625 0.9609375 0.0125 0.0125
3 0.2109375 0.7234375 0.0125 0.0140625
3 0.259375 0.30625 0.01875 0.01875
3 0.359375 0.721875 0.0109375 0.0125
3 0.3015625 0.0859375 0.0109375 0.009375
3 0.959375 0.4171875 0.015625 0.0125
3 0.0328125 0.8125 0.0171875 0.0203125
3 0.6125 0.1 0.0234375 0.015625
3 0.5734375 0.0796875 0.0125 0.0109375
2 0.2578125 0.0296875 0.05 0.0578125
2 0.203125 0.4484375 0.0671875 0.065625