0 0.2234375 0.16875 0.0296875 0.0234375
0 0.109375 0.490625 0.021875 0.0296875
3 0.4421875 0.521875 0.0140625 0.0140625
0 0.21875 0.5625 0.0234375 0.0203125
3 0.8015625 0.1828125 0.0109375 0.0140625
3 0.4921875 0.8234375 0.0109375 0.0109375
3 0.8625 0.434375 0.0265625 0.0203125
0 0.0296875 0.4296875 0.0234375 0.028125
3 0.7078125 0.8265625 0.0125 0.0140625
0 0.3984375 0.6015625 0.0265625 0.0203125
3 0.9078125 0.628125 0.0109375 0.0125
3 0.9796875 0.221875 0.0109375 0.0125
3 0.5234375 0.6875 0.015625 0.0234375
0 0.53125 0.3703125 0.028125 0.0234375
3 0.23125 0.853125 0.01875 0.0140625
3 0.4546875 0.7875 0.009375 0.0109375
3 0.6171875 0.6625 0.0125 0.0140625
0 0.4890625 0.5859375 0.0421875 0.03125
0 0.5125 0.1828125 0.0359375 0.0265625
0 0.56875 0.196875 0.071875 0.0484375
0 0.340625 0.2203125 0.025 0.01875
3 0.04375 0.4796875 0.0125 0.0125
3 0.275 0.7859375 0.0140625 0.0125
3 0.6796875 0.7390625 0.0171875 0.01875
3 0.275 0.6421875 0.0109375 0.0109375
3 0.89375 0.6984375 0.009375 0.0109375
3 0.571875 0.0578125 0.0109375 0.0140625
3 0.1875 0.9609375 0.0203125 0.0171875
3 0.88125 0.3953125 0.015625 0.0234375
3 0.9 0.4328125 0.0109375 0.0125
2 0.95625 0.740625 0.0671875 0.05
2 0.5421875 0.79375 0.0640625 0.065625