3 0.60625 0.7 0.0125 0.0109375
0 0.35 0.1125 0.03125 0.0328125
3 0.2328125 0.284375 0.009375 0.0109375
3 0.4546875 0.2640625 0.009375 0.0125
0 0.228125 0.1703125 0.0296875 0.03125
3 0.6796875 0.275 0.015625 0.015625
0 0.20625 0.45 0.0359375 0.040625
3 0.9296875 0.534375 0.0125 0.0109375
3 0.68125 0.546875 0.0203125 0.0140625
3 0.4828125 0.390625 0.01875 0.015625
0 0.61875 0.05 0.0234375 0.015625
3 0.9234375 0.4640625 0.0109375 0.009375
3 0.246875 0.565625 0.0125 0.015625
0 0.25 0.715625 0.0328125 0.0390625
3 0.4875 0.890625 0.0171875 0.021875
0 0.3421875 0.2921875 0.053125 0.0328125
0 0.7390625 0.2734375 0.0203125 0.01875
0 0.3265625 0.7484375 0.028125 0.0234375
3 0.0546875 0.6828125 0.015625 0.0140625
0 0.328125 0.6703125 0.01875 0.0203125
3 0.7265625 0.0546875 0.0140625 0.0171875
3 0.4140625 0.4890625 0.0078125 0.009375
3 0.0453125 0.70625 0.0109375 0.015625
3 0.5109375 0.7234375 0.0109375 0.0109375
3 0.9734375 0.575 0.0140625 0.025
3 0.846875 0.240625 0.01875 0.0234375
0 0.80625 0.75625 0.01875 0.028125
0 0.4609375 0.61875 0.04375 0.059375
0 0.0890625 0.3484375 0.059375 0.0515625