3 0.4203125 0.321875 0.0140625 0.0125
0 0.70625 0.9671875 0.0328125 0.021875
3 0.834375 0.7828125 0.0109375 0.0125
3 0.5890625 0.80625 0.0109375 0.0140625
0 0.8390625 0.909375 0.034375 0.034375
3 0.3390625 0.7953125 0.01875 0.0171875
0 0.8640625 0.6 0.040625 0.04375
3 0.0625 0.5078125 0.0125 0.0125
3 0.3375 0.4921875 0.0234375 0.015625
3 0.55625 0.6671875 0.0203125 0.0171875
3 0.06875 0.584375 0.0109375 0.0109375
3 0.81875 0.471875 0.0125 0.0171875
0 0.8140625 0.3046875 0.0359375 0.0421875
3 0.5515625 0.1109375 0.01875 0.025
0 0.7125 0.775 0.0578125 0.0375
0 0.2734375 0.796875 0.021875 0.021875
0 0.73125 0.26875 0.03125 0.025
0 0.728125 0.35625 0.0203125 0.0234375
3 0.6328125 0.55625 0.009375 0.009375
3 0.525 0.296875 0.0109375 0.0125
3 0.0140625 0.4609375 0.015625 0.0265625
3 0.153125 0.83125 0.0203125 0.0265625
0 0.1984375 0.259375 0.0203125 0.03125
0 0.5828125 0.4140625 0.0484375 0.065625
0 0.98125 0.7125 0.0375 0.0546875