3 0.275 0.525 0.0140625 0.015625
3 0.7328125 0.546875 0.0140625 0.0140625
3 0.35 0.5953125 0.0140625 0.0140625
3 0.3734375 0.678125 0.0203125 0.0171875
3 0.76875 0.5265625 0.01875 0.0140625
3 0.35625 0.2984375 0.0109375 0.0125
3 0.2953125 0.2203125 0.0140625 0.0203125
3 0.528125 0.0796875 0.0125 0.015625
0 0.60625 0.1578125 0.0359375 0.05
3 0.796875 0.296875 0.0109375 0.0125
3 0.4140625 0.2484375 0.0140625 0.0125
3 0.596875 0.2734375 0.0109375 0.0109375
3 0.609375 0.6515625 0.0109375 0.0125
0 0.384375 0.09375 0.03125 0.0265625
0 0.684375 0.615625 0.0421875 0.0328125
3 0.246875 0.6453125 0.0125 0.0140625
3 0.7578125 0.40625 0.0203125 0.015625
3 0.8546875 0.1453125 0.0203125 0.0203125
3 0.190625 0.3640625 0.015625 0.0140625
3 0.55625 0.75625 0.0140625 0.015625
3 0.2921875 0.6765625 0.0140625 0.021875
3 0.934375 0.4640625 0.01875 0.0140625
3 0.3328125 0.0171875 0.0171875 0.0203125
0 0.2953125 0.0859375 0.034375 0.040625
0 0.703125 0.2515625 0.046875 0.025
3 0.709375 0.9328125 0.0125 0.0109375
3 0.0546875 0.7921875 0.0125 0.015625
3 0.5203125 0.3625 0.01875 0.025
0 0.5953125 0.546875 0.021875 0.0296875
2 0.1640625 0.1234375 0.04375 0.04375
0 0.2078125 0.2234375 0.0296875 0.053125