3 0.553125 0.7390625 0.0140625 0.0125
3 0.5734375 0.3125 0.0140625 0.0140625
3 0.6171875 0.66875 0.0125 0.0125
3 0.6953125 0.646875 0.015625 0.01875
3 0.553125 0.2796875 0.0125 0.0171875
3 0.3421875 0.6625 0.0109375 0.0109375
3 0.26875 0.71875 0.01875 0.0140625
3 0.1390625 0.503125 0.0140625 0.0125
0 0.2109375 0.43125 0.046875 0.0328125
3 0.3390625 0.253125 0.0109375 0.0109375
3 0.2953125 0.609375 0.0109375 0.0140625
3 0.31875 0.4390625 0.0109375 0.0109375
3 0.6703125 0.4265625 0.0109375 0.0109375
0 0.1515625 0.6359375 0.025 0.0296875
0 0.6375 0.3578125 0.0296875 0.0390625
3 0.6640625 0.7640625 0.0140625 0.0125
3 0.4421875 0.2890625 0.0140625 0.01875
3 0.2 0.1984375 0.01875 0.01875
3 0.403125 0.8171875 0.0140625 0.0140625
3 0.7671875 0.478125 0.0140625 0.0125
3 0.69375 0.7234375 0.0203125 0.0125
3 0.496875 0.125 0.0125 0.0171875
3 0.08125 0.684375 0.01875 0.015625
0 0.14375 0.71875 0.0375 0.03125
0 0.296875 0.340625 0.0234375 0.04375
3 0.9328125 0.334375 0.0109375 0.0109375
3 0.8015625 0.94375 0.0140625 0.0125
3 0.4015625 0.509375 0.0234375 0.0171875
0 0.5734375 0.440625 0.028125 0.0203125
3 0.040625 0.5921875 0.0109375 0.0125
2 0.178125 0.840625 0.040625 0.040625
0 0.271875 0.8015625 0.05 0.028125