3 0.459375 0.603125 0.0125 0.0140625
3 0.5796875 0.8265625 0.0125 0.0140625
3 0.425 0.453125 0.0140625 0.0125
3 0.7625 0.50625 0.0125 0.015625
0 0.9609375 0.6078125 0.0359375 0.040625
3 0.5234375 0.31875 0.0125 0.0125
3 0.5375 0.2921875 0.0140625 0.0109375
3 0.8515625 0.259375 0.015625 0.0125
3 0.6390625 0.8921875 0.0140625 0.0109375
3 0.6125 0.35625 0.0109375 0.0125
0 0.396875 0.7921875 0.028125 0.034375
3 0.078125 0.871875 0.0140625 0.0140625
3 0.88125 0.896875 0.015625 0.0203125
3 0.484375 0.7359375 0.0109375 0.0109375
0 0.3921875 0.471875 0.0234375 0.0359375
3 0.4828125 0.4421875 0.0109375 0.0125
3 0.371875 0.9359375 0.0171875 0.0203125
3 0.259375 0.7671875 0.015625 0.0125
0 0.4359375 0.865625 0.053125 0.0703125
3 0.4171875 0.978125 0.0125 0.01875
3 0.7828125 0.653125 0.0125 0.0109375
3 0.853125 0.1796875 0.01875 0.0140625
3 0.140625 0.0765625 0.0140625 0.0125
0 0.3234375 0.7984375 0.028125 0.0375
3 0.5359375 0.659375 0.0125 0.0125
3 0.7609375 0.0734375 0.0109375 0.0125
3 0.1890625 0.8796875 0.021875 0.0203125
0 0.3453125 0.3875 0.0265625 0.0265625
3 0.5296875 0.590625 0.0109375 0.0109375
3 0.15625 0.9484375 0.0140625 0.015625
3 0.09375 0.48125 0.0140625 0.0140625
0 0.7703125 0.990625 0.0234375 0.0171875
0 0.2140625 0.2828125 0.0515625 0.059375
0 0.259375 0.3625 0.053125 0.0515625