3 0.375 0.5828125 0.0125 0.0109375
3 0.1765625 0.4765625 0.0125 0.0109375
3 0.5078125 0.6140625 0.0109375 0.0125
3 0.4625 0.3140625 0.0140625 0.0109375
0 0.371875 0.1375 0.0359375 0.03125
3 0.6296875 0.5265625 0.0109375 0.0109375
3 0.6515625 0.5140625 0.0109375 0.0125
3 0.6828125 0.234375 0.0109375 0.0140625
3 0.1171875 0.4234375 0.009375 0.0125
3 0.5953125 0.446875 0.0109375 0.009375
0 0.2078125 0.640625 0.03125 0.025
3 0.1359375 0.9234375 0.0125 0.0125
3 0.1140625 0.2078125 0.0171875 0.0140625
3 0.2578125 0.5609375 0.0109375 0.0109375
0 0.4921875 0.64375 0.0328125 0.0203125
3 0.51875 0.5625 0.0109375 0.0109375
3 0.078125 0.6625 0.01875 0.015625
3 0.2296875 0.7625 0.0109375 0.0140625
0 0.1421875 0.6046875 0.0640625 0.0484375
3 0.040625 0.6203125 0.0171875 0.0109375
3 0.3296875 0.2953125 0.009375 0.0109375
3 0.7515625 0.2328125 0.0125 0.0171875
3 0.84375 0.86875 0.0109375 0.0125
0 0.2015625 0.70625 0.0328125 0.025
3 0.325 0.515625 0.0109375 0.0109375
3 0.846875 0.3140625 0.0109375 0.009375
3 0.128125 0.825 0.01875 0.01875
0 0.5671875 0.684375 0.0234375 0.0234375
3 0.3859375 0.5203125 0.009375 0.009375
3 0.0671875 0.8546875 0.0140625 0.0125
0 0.253125 0.0296875 0.01875 0.0125
3 0.60625 0.0984375 0.0125 0.015625
3 0.484375 0.909375 0.0125 0.0125
0 0.0296875 0.30625 0.01875 0.0234375
0 0.6609375 0.803125 0.053125 0.0453125
0 0.5890625 0.7609375 0.0453125 0.0484375