0 0.6875 0.2578125 0.028125 0.0234375
3 0.696875 0.575 0.015625 0.0140625
3 0.0640625 0.4875 0.0125 0.0109375
3 0.19375 0.3234375 0.015625 0.01875
3 0.3625 0.4703125 0.0125 0.0140625
0 0.7703125 0.1765625 0.03125 0.0234375
0 0.43125 0.346875 0.0140625 0.021875
3 0.8859375 0.696875 0.01875 0.021875
0 0.5875 0.221875 0.0234375 0.01875
3 0.3734375 0.65625 0.009375 0.0125
3 0.91875 0.328125 0.0109375 0.0109375
3 0.6546875 0.4359375 0.0234375 0.021875
3 0.3484375 0.5734375 0.0109375 0.015625
0 0.1078125 0.359375 0.021875 0.025
3 0.5265625 0.1546875 0.0171875 0.0140625
3 0.2015625 0.2859375 0.0171875 0.0171875
3 0.7390625 0.346875 0.0203125 0.0171875
3 0.1453125 0.2421875 0.01875 0.015625
3 0.5109375 0.8390625 0.0125 0.0109375
0 0.3234375 0.221875 0.021875 0.015625
3 0.2234375 0.8421875 0.0265625 0.015625
3 0.2125 0.4671875 0.0109375 0.0125
3 0.565625 0.0515625 0.015625 0.0125
0 0.7578125 0.4515625 0.0203125 0.0171875
3 0.9 0.8828125 0.0109375 0.0125
3 0.1015625 0.6046875 0.025 0.015625
3 0.6828125 0.0515625 0.0109375 0.0140625
0 0.2921875 0.465625 0.040625 0.040625
3 0.41875 0.71875 0.0140625 0.009375
3 0.55 0.5359375 0.0109375 0.0109375
0 0.1359375 0.796875 0.015625 0.0234375
0 0.603125 0.45 0.0296875 0.0390625
0 0.49375 0.034375 0.0171875 0.0171875
3 0.0671875 0.7203125 0.0109375 0.0171875
3 0.4421875 0.790625 0.009375 0.0109375
3 0.3234375 0.6921875 0.015625 0.01875