0 0.709375 0.2515625 0.0296875 0.025
3 0.7203125 0.59375 0.0171875 0.015625
3 0.040625 0.4984375 0.0125 0.0125
3 0.1796875 0.3234375 0.0171875 0.01875
3 0.359375 0.48125 0.0140625 0.015625
0 0.8 0.165625 0.0328125 0.025
0 0.434375 0.3484375 0.015625 0.0234375
3 0.921875 0.7234375 0.0203125 0.0234375
0 0.6015625 0.2140625 0.025 0.01875
3 0.371875 0.68125 0.0109375 0.0140625
3 0.9578125 0.328125 0.0125 0.0109375
3 0.675 0.44375 0.025 0.0234375
3 0.3453125 0.590625 0.0109375 0.0171875
0 0.0875 0.3609375 0.0234375 0.0265625
3 0.5375 0.1421875 0.01875 0.015625
3 0.1890625 0.2828125 0.01875 0.01875
3 0.7640625 0.3484375 0.021875 0.01875
3 0.128125 0.2359375 0.0203125 0.0171875
3 0.5203125 0.8765625 0.0125 0.0125
0 0.31875 0.2140625 0.0234375 0.0171875
3 0.2109375 0.8796875 0.028125 0.0171875
3 0.2 0.4765625 0.0109375 0.0140625
3 0.578125 0.0296875 0.015625 0.0125
0 0.7859375 0.4609375 0.021875 0.01875
3 0.9390625 0.9234375 0.0109375 0.0140625
3 0.0796875 0.625 0.0265625 0.0171875
3 0.7046875 0.03125 0.0109375 0.015625
0 0.2859375 0.475 0.04375 0.04375
3 0.421875 0.7484375 0.0140625 0.0109375
3 0.5625 0.55 0.0109375 0.0125
0 0.1171875 0.83125 0.0171875 0.025
0 0.61875 0.4578125 0.0328125 0.0421875
3 0.04375 0.75 0.0125 0.0171875
3 0.4453125 0.825 0.0109375 0.0109375
3 0.3203125 0.71875 0.0171875 0.0203125