3 0.603125 0.6390625 0.0125 0.015625
3 0.646875 0.66875 0.0125 0.015625
3 0.075 0.3890625 0.0125 0.0140625
3 0.6046875 0.48125 0.015625 0.0140625
3 0.28125 0.284375 0.0125 0.0109375
3 0.3734375 0.609375 0.0109375 0.0109375
3 0.7515625 0.575 0.015625 0.01875
3 0.740625 0.425 0.0140625 0.015625
3 0.178125 0.284375 0.0125 0.0109375
3 0.2375 0.5484375 0.0140625 0.0125
3 0.86875 0.4484375 0.0171875 0.0234375
3 0.765625 0.1890625 0.0125 0.015625
3 0.6046875 0.675 0.0109375 0.0109375
3 0.646875 0.5140625 0.01875 0.021875
3 0.2375 0.7 0.0171875 0.0140625
0 0.246875 0.34375 0.03125 0.01875
3 0.85625 0.871875 0.0109375 0.0140625
3 0.8703125 0.3171875 0.0109375 0.009375
3 0.1625 0.5875 0.009375 0.0109375
0 0.4 0.31875 0.0171875 0.0234375
3 0.384375 0.871875 0.0109375 0.0125
3 0.8828125 0.4015625 0.015625 0.0125
3 0.440625 0.7921875 0.0203125 0.0171875
3 0.1984375 0.4546875 0.0125 0.0140625
3 0.759375 0.86875 0.015625 0.0171875
3 0.5078125 0.6359375 0.0125 0.0140625
0 0.109375 0.2484375 0.01875 0.0171875
0 0.0203125 0.4703125 0.021875 0.015625
3 0.4046875 0.5171875 0.009375 0.009375
3 0.7171875 0.9328125 0.0140625 0.0140625
0 0.20625 0.7640625 0.021875 0.021875
0 0.5203125 0.4640625 0.01875 0.028125
0 0.9484375 0.1671875 0.0125 0.0171875