3 0.35625 0.4015625 0.015625 0.0140625
3 0.3265625 0.35625 0.015625 0.0125
3 0.6109375 0.9375 0.0140625 0.0125
3 0.5171875 0.4 0.0140625 0.015625
3 0.7171875 0.728125 0.0109375 0.0125
3 0.3859375 0.6359375 0.0109375 0.0109375
3 0.421875 0.25 0.01875 0.015625
3 0.5734375 0.2609375 0.015625 0.0140625
3 0.7171875 0.8328125 0.0109375 0.0125
3 0.4484375 0.771875 0.0125 0.0140625
3 0.55 0.1328125 0.0234375 0.0171875
3 0.8125 0.2359375 0.015625 0.0125
3 0.31875 0.4 0.0125 0.0125
3 0.4828125 0.35625 0.0234375 0.0203125
3 0.29375 0.7734375 0.0140625 0.0171875
0 0.65625 0.7640625 0.01875 0.03125
3 0.1203125 0.14375 0.0140625 0.0109375
3 0.6828125 0.1296875 0.0109375 0.0109375
3 0.4078125 0.85 0.0109375 0.009375
0 0.68125 0.6078125 0.0234375 0.0171875
3 0.1203125 0.625 0.0125 0.0109375
3 0.5984375 0.1171875 0.0125 0.015625
3 0.2015625 0.565625 0.0171875 0.0203125
3 0.54375 0.8140625 0.015625 0.0125
3 0.1234375 0.24375 0.0171875 0.015625
3 0.359375 0.4984375 0.0140625 0.0125
0 0.753125 0.903125 0.0171875 0.0203125
0 0.528125 0.9921875 0.015625 0.015625
3 0.48125 0.603125 0.009375 0.009375
3 0.0578125 0.284375 0.015625 0.015625
0 0.2296875 0.8046875 0.021875 0.021875
0 0.534375 0.484375 0.028125 0.01875
0 0.8359375 0.0515625 0.0171875 0.0140625