3 0.903125 0.3921875 0.0140625 0.0140625
3 0.6140625 0.396875 0.0140625 0.0125
3 0.43125 0.2546875 0.0125 0.0140625
0 0.73125 0.38125 0.021875 0.0203125
3 0.21875 0.5875 0.0109375 0.0109375
3 0.1375 0.3859375 0.0125 0.0125
0 0.646875 0.40625 0.021875 0.0203125
3 0.475 0.603125 0.0140625 0.0125
3 0.584375 0.3484375 0.0125 0.01875
3 0.2234375 0.40625 0.0140625 0.01875
3 0.8890625 0.3109375 0.009375 0.009375
3 0.3265625 0.5484375 0.0109375 0.0125
0 0.390625 0.534375 0.0265625 0.0359375
3 0.7859375 0.18125 0.0125 0.0171875
0 0.11875 0.48125 0.0171875 0.0171875
0 0.671875 0.55 0.0421875 0.034375
0 0.11875 0.6578125 0.03125 0.025
3 0.034375 0.7953125 0.0125 0.015625
0 0.4875 0.14375 0.0171875 0.0203125
3 0.3328125 0.4125 0.009375 0.0109375
0 0.084375 0.621875 0.0296875 0.0203125
0 0.4671875 0.403125 0.025 0.025
3 0.875 0.8640625 0.0109375 0.0140625
3 0.453125 0.6890625 0.009375 0.0140625
3 0.6890625 0.5078125 0.0109375 0.0125
3 0.6828125 0.3015625 0.0140625 0.0140625
3 0.6796875 0.490625 0.0171875 0.01875