3 0.0953125 0.39375 0.0140625 0.0140625
3 0.3859375 0.3984375 0.0140625 0.0125
3 0.571875 0.253125 0.0125 0.0140625
0 0.26875 0.3828125 0.021875 0.0203125
3 0.7875 0.590625 0.0109375 0.0109375
3 0.86875 0.3875 0.0140625 0.0125
0 0.3546875 0.4078125 0.021875 0.0203125
3 0.5265625 0.60625 0.0140625 0.0125
3 0.41875 0.35 0.0125 0.01875
3 0.7828125 0.4078125 0.0140625 0.01875
3 0.1078125 0.3109375 0.009375 0.0109375
3 0.678125 0.5515625 0.0109375 0.0125
0 0.6140625 0.5375 0.028125 0.0359375
3 0.2140625 0.1796875 0.0125 0.0171875
0 0.8890625 0.484375 0.0171875 0.0171875
0 0.3296875 0.553125 0.04375 0.0359375
0 0.8890625 0.6625 0.03125 0.0265625
3 0.9734375 0.8 0.0125 0.015625
0 0.515625 0.140625 0.01875 0.0203125
3 0.671875 0.4140625 0.009375 0.0109375
0 0.9234375 0.625 0.0296875 0.021875
0 0.5359375 0.4046875 0.025 0.025
3 0.121875 0.8703125 0.0109375 0.015625
3 0.55 0.6953125 0.0109375 0.015625
3 0.3109375 0.5109375 0.0109375 0.0125
3 0.3171875 0.3015625 0.0140625 0.0140625
3 0.3203125 0.49375 0.01875 0.01875