3 0.246875 0.196875 0.0140625 0.0140625
3 0.33125 0.4703125 0.0171875 0.0171875
3 0.3171875 0.853125 0.0125 0.015625
3 0.628125 0.6203125 0.0140625 0.0125
3 0.128125 0.928125 0.0140625 0.0140625
0 0.5171875 0.5484375 0.04375 0.046875
3 0.4 0.78125 0.021875 0.015625
0 0.4359375 0.540625 0.06875 0.046875
3 0.403125 0.33125 0.0109375 0.0125
3 0.7671875 0.609375 0.025 0.0171875
3 0.60625 0.3265625 0.0140625 0.0125
3 0.05625 0.9234375 0.0125 0.0125
3 0.66875 0.971875 0.0125 0.0109375
3 0.4453125 0.3984375 0.0125 0.0140625
3 0.7359375 0.071875 0.0171875 0.0140625
0 0.0953125 0.7609375 0.0375 0.059375
3 0.5203125 0.6578125 0.0296875 0.0171875
3 0.846875 0.9046875 0.0109375 0.0109375
3 0.5078125 0.240625 0.015625 0.0109375
3 0.8078125 0.984375 0.0125 0.0140625
0 0.7953125 0.3515625 0.03125 0.025
3 0.5875 0.975 0.0296875 0.01875
0 0.2234375 0.7140625 0.059375 0.0578125
3 0.8453125 0.1578125 0.0125 0.0125
3 0.5953125 0.9265625 0.0109375 0.0109375
0 0.1828125 0.1453125 0.0484375 0.065625
3 0.759375 0.846875 0.0171875 0.0203125
3 0.7125 0.40625 0.015625 0.0109375
0 0.6890625 0.1234375 0.0234375 0.0234375
0 0.0984375 0.2640625 0.0421875 0.0546875
0 0.284375 0.603125 0.0375 0.0296875
3 0.653125 0.934375 0.0109375 0.009375
3 0.8734375 0.9484375 0.0125 0.01875
3 0.040625 0.0265625 0.0140625 0.0109375
3 0.9046875 0.9484375 0.0125 0.0109375
0 0.11875 0.528125 0.05625 0.0546875
0 0.4203125 0.6953125 0.040625 0.0453125
3 0.6625 0.0015625 0.0171875 0.003125
0 0.09375 0.3703125 0.0296875 0.0375