3 0.234375 0.29375 0.0140625 0.0140625
3 0.4890625 0.371875 0.015625 0.015625
3 0.8453125 0.359375 0.0140625 0.0125
3 0.6296875 0.6484375 0.0109375 0.0125
3 0.915625 0.1828125 0.0125 0.0140625
0 0.5609375 0.5453125 0.04375 0.040625
3 0.778125 0.4359375 0.015625 0.0203125
0 0.5546875 0.46875 0.04375 0.0640625
3 0.359375 0.4390625 0.0109375 0.0109375
3 0.61875 0.778125 0.015625 0.0234375
3 0.35625 0.628125 0.0109375 0.0140625
3 0.9109375 0.115625 0.0109375 0.0109375
3 0.95625 0.6859375 0.009375 0.0109375
3 0.421875 0.478125 0.0125 0.0109375
3 0.11875 0.75 0.0140625 0.0171875
0 0.759375 0.153125 0.05625 0.0359375
3 0.0421875 0.5640625 0.009375 0.0109375
3 0.6625 0.5484375 0.015625 0.0265625
3 0.89375 0.853125 0.009375 0.009375
3 0.275 0.5359375 0.009375 0.0140625
3 0.9671875 0.815625 0.0125 0.0109375
0 0.3796875 0.803125 0.0234375 0.0296875
3 0.959375 0.6109375 0.0171875 0.028125
0 0.715625 0.271875 0.0546875 0.0546875
3 0.1984375 0.85 0.0125 0.0125
3 0.9140625 0.61875 0.009375 0.0109375
0 0.1859375 0.234375 0.0609375 0.0453125
3 0.8390625 0.7703125 0.0203125 0.015625
3 0.4296875 0.7265625 0.0109375 0.0140625
0 0.1671875 0.70625 0.021875 0.021875
0 0.296875 0.1546875 0.0515625 0.0390625
0 0.6125 0.328125 0.028125 0.034375
3 0.9203125 0.671875 0.009375 0.0109375
3 0.934375 0.8765625 0.0171875 0.0109375
3 0.0765625 0.1015625 0.0109375 0.0140625
3 0.934375 0.90625 0.009375 0.0109375
0 0.5421875 0.1734375 0.0515625 0.053125
0 0.6984375 0.4546875 0.0421875 0.0375
3 0.7828125 0.0734375 0.0109375 0.0109375
3 0.05 0.6796875 0.0109375 0.0171875
0 0.3953125 0.1515625 0.034375 0.028125