3 0.4203125 0.5359375 0.015625 0.0203125
0 0.346875 0.05625 0.025 0.025
3 0.4390625 0.640625 0.0125 0.0125
3 0.6078125 0.21875 0.0125 0.0125
0 0.3015625 0.090625 0.0265625 0.0234375
3 0.5203125 0.5421875 0.0109375 0.0109375
3 0.1375 0.6765625 0.0109375 0.0125
3 0.85625 0.4125 0.015625 0.0125
3 0.2203125 0.15 0.0140625 0.0171875
3 0.234375 0.6671875 0.015625 0.0140625
3 0.5109375 0.6296875 0.0125 0.0140625
3 0.2859375 0.6890625 0.0171875 0.0203125
3 0.328125 0.6140625 0.0125 0.0109375
0 0.6296875 0.11875 0.025 0.040625
3 0.1125 0.284375 0.0109375 0.0109375
3 0.096875 0.3703125 0.0171875 0.0125
3 0.553125 0.8625 0.0125 0.0125
3 0.3453125 0.2984375 0.015625 0.01875
0 0.5375 0.221875 0.04375 0.034375
3 0.5609375 0.2859375 0.0140625 0.0140625
3 0.790625 0.1109375 0.0109375 0.0125
3 0.3359375 0.7796875 0.015625 0.0140625
0 0.359375 0.45 0.0265625 0.0328125
0 0.9703125 0.384375 0.0234375 0.028125
3 0.6515625 0.878125 0.0109375 0.0109375
3 0.95 0.5453125 0.021875 0.01875
0 0.790625 0.503125 0.0375 0.034375
3 0.996875 0.70625 0.00625 0.015625
3 0.603125 0.49375 0.0109375 0.0109375
3 0.7453125 0.4171875 0.0140625 0.0125
0 0.7328125 0.1796875 0.021875 0.0171875
3 0.9 0.3515625 0.0203125 0.0203125
3 0.0296875 0.121875 0.015625 0.01875
3 0.7859375 0.7015625 0.0203125 0.021875
3 0.4703125 0.14375 0.0125 0.01875