3 0.5953125 0.55 0.0140625 0.01875
0 0.6640625 0.09375 0.0234375 0.0234375
3 0.5765625 0.65 0.0125 0.0125
3 0.415625 0.2484375 0.0109375 0.0125
3 0.034375 0.6171875 0.0125 0.0125
0 0.70625 0.1265625 0.025 0.021875
3 0.5 0.55625 0.0109375 0.0109375
3 0.8640625 0.684375 0.0109375 0.0109375
3 0.1796875 0.4328125 0.0140625 0.0125
3 0.784375 0.1828125 0.0140625 0.0171875
3 0.771875 0.675 0.015625 0.0125
3 0.5078125 0.6390625 0.0109375 0.0125
3 0.721875 0.6953125 0.015625 0.01875
3 0.6828125 0.6234375 0.0109375 0.0109375
0 0.3953125 0.153125 0.0234375 0.0390625
3 0.8875 0.3109375 0.0109375 0.0109375
3 0.9015625 0.3921875 0.0171875 0.0125
3 0.4671875 0.8609375 0.0109375 0.0109375
3 0.665625 0.3234375 0.0140625 0.0171875
0 0.4828125 0.2515625 0.0421875 0.0328125
3 0.4609375 0.3125 0.0125 0.0125
3 0.2421875 0.1453125 0.0109375 0.0125
3 0.675 0.78125 0.0140625 0.0140625
0 0.6515625 0.46875 0.025 0.03125
0 0.071875 0.40625 0.021875 0.0265625
3 0.375 0.8765625 0.0109375 0.0109375
3 0.090625 0.559375 0.0203125 0.0171875
0 0.2421875 0.51875 0.0359375 0.0328125
3 0.0421875 0.7125 0.0109375 0.015625
3 0.421875 0.5109375 0.0109375 0.0109375
3 0.2859375 0.4375 0.0125 0.0109375
0 0.296875 0.2109375 0.021875 0.015625
3 0.1375 0.3734375 0.0203125 0.01875
3 0.965625 0.15625 0.0140625 0.0171875
3 0.2453125 0.7078125 0.01875 0.0203125
3 0.48125 0.0296875 0.0125 0.0125
3 0.546875 0.1765625 0.0109375 0.0171875