3 0.5046875 0.58125 0.0109375 0.0125
3 0.3640625 0.615625 0.0140625 0.0140625
3 0.4734375 0.39375 0.0140625 0.0109375
3 0.76875 0.2015625 0.015625 0.0125
3 0.5203125 0.3328125 0.0125 0.0109375
3 0.2703125 0.55 0.0125 0.0140625
3 0.2109375 0.2296875 0.015625 0.0109375
3 0.4859375 0.340625 0.0125 0.0125
3 0.696875 0.996875 0.0109375 0.00625
3 0.2140625 0.3796875 0.0125 0.0109375
3 0.2609375 0.4078125 0.015625 0.0140625
3 0.4265625 0.4921875 0.0109375 0.0140625
3 0.1328125 0.48125 0.0109375 0.0109375
3 0.3453125 0.0859375 0.0203125 0.0234375
3 0.15625 0.4171875 0.0140625 0.0125
3 0.8828125 0.778125 0.0125 0.0125
3 0.471875 0.55625 0.015625 0.0109375
0 0.7953125 0.1109375 0.0359375 0.034375
0 0.88125 0.2484375 0.021875 0.021875
3 0.265625 0.596875 0.0140625 0.0140625
0 0.51875 0.7421875 0.01875 0.021875
3 0.7234375 0.2421875 0.0140625 0.0125
0 0.1703125 0.034375 0.0328125 0.034375
3 0.565625 0.5953125 0.0171875 0.01875
0 0.9 0.0078125 0.028125 0.0140625
3 0.184375 0.3859375 0.0125 0.0109375
3 0.3625 0.3625 0.0109375 0.0109375
3 0.7078125 0.5546875 0.0125 0.0140625
0 0.85 0.1421875 0.0421875 0.034375
0 0.559375 0.16875 0.034375 0.028125
0 0.6109375 0.0875 0.0265625 0.028125
3 0.4234375 0.671875 0.0328125 0.0265625
3 0.36875 0.2390625 0.0171875 0.0140625
3 0.56875 0.090625 0.0203125 0.01875
3 0.6703125 0.8625 0.015625 0.0171875
0 0.859375 0.853125 0.021875 0.03125
3 0.3453125 0.7890625 0.0125 0.0125
3 0.73125 0.9828125 0.0125 0.0125
3 0.290625 0.7140625 0.0109375 0.0125
3 0.590625 0.0390625 0.0234375 0.01875
0 0.815625 0.98984375 0.059375 0.0203125
3 0.9671875 0.0375 0.0109375 0.009375
3 0.328125 0.2171875 0.009375 0.009375
3 0.325 0.3140625 0.0265625 0.021875
0 0.796875 0.703125 0.0578125 0.040625
3 0.8859375 0.3234375 0.009375 0.0109375
0 0.8015625 0.28125 0.0265625 0.053125
0 0.7265625 0.56875 0.021875 0.0234375
0 0.4078125 0.2953125 0.028125 0.0265625