3 0.571875 0.5078125 0.0125 0.0109375
3 0.6046875 0.64375 0.0140625 0.0140625
3 0.390625 0.5375 0.0109375 0.0125
3 0.20625 0.253125 0.0125 0.015625
3 0.3328125 0.49375 0.0109375 0.0125
3 0.5421875 0.7328125 0.0140625 0.0125
3 0.234375 0.790625 0.009375 0.0140625
3 0.3390625 0.525 0.0109375 0.0125
3 0.975 0.325 0.0125 0.0125
3 0.378125 0.7875 0.0109375 0.0109375
3 0.4046875 0.7421875 0.0125 0.0140625
3 0.4859375 0.5828125 0.0140625 0.009375
3 0.4765625 0.865625 0.0109375 0.0109375
3 0.0953125 0.6625 0.0234375 0.01875
3 0.4140625 0.84375 0.0125 0.0140625
3 0.7609375 0.14375 0.0125 0.0125
3 0.546875 0.5390625 0.0109375 0.015625
0 0.1203125 0.228125 0.034375 0.034375
0 0.2515625 0.1453125 0.021875 0.021875
3 0.5875 0.7375 0.0125 0.0140625
0 0.7265625 0.49375 0.021875 0.0171875
3 0.2453125 0.296875 0.0125 0.0140625
0 0.0453125 0.8296875 0.0328125 0.03125
3 0.5859375 0.4484375 0.01875 0.015625
0 0.0140625 0.128125 0.028125 0.028125
3 0.3828125 0.815625 0.0109375 0.0109375
3 0.3625 0.6453125 0.009375 0.0109375
3 0.546875 0.3125 0.0125 0.0125
0 0.15 0.175 0.0328125 0.040625
0 0.175 0.4546875 0.0265625 0.0328125
0 0.096875 0.4046875 0.0265625 0.025
3 0.659375 0.5859375 0.025 0.03125
3 0.2421875 0.6390625 0.0125 0.015625
3 0.1 0.446875 0.01875 0.01875
3 0.84375 0.3484375 0.0171875 0.0140625
3 0.621875 0.0484375 0.0109375 0.0125
0 0.834375 0.1671875 0.0296875 0.0203125
3 0.771875 0.6625 0.0125 0.0125
3 0.9578125 0.290625 0.0125 0.0109375
3 0.7 0.7140625 0.0109375 0.0109375
3 0.05 0.425 0.01875 0.021875
0 0.971875 0.2078125 0.03125 0.0578125
3 0.0484375 0.0625 0.009375 0.0109375
3 0.221875 0.678125 0.009375 0.009375
3 0.3140625 0.68125 0.021875 0.0265625
0 0.6890625 0.2265625 0.0390625 0.0546875
3 0.3234375 0.140625 0.0109375 0.009375
0 0.2828125 0.221875 0.0515625 0.025
0 0.559375 0.2953125 0.021875 0.0203125
0 0.296875 0.6015625 0.0265625 0.0265625