3 0.5765625 0.5375 0.0125 0.0140625
3 0.309375 0.3953125 0.0171875 0.0140625
3 0.559375 0.7109375 0.0140625 0.015625
3 0.5609375 0.4453125 0.0125 0.009375
3 0.221875 0.559375 0.0109375 0.0125
3 0.146875 0.315625 0.015625 0.0125
3 0.2875 0.434375 0.009375 0.0125
3 0.884375 0.4140625 0.0109375 0.0140625
3 0.60625 0.434375 0.0125 0.015625
3 0.90625 0.246875 0.0125 0.0171875
3 0.4671875 0.796875 0.0125 0.0109375
3 0.9328125 0.525 0.0140625 0.0109375
3 0.35625 0.328125 0.0109375 0.0109375
3 0.4171875 0.7078125 0.0109375 0.0140625
0 0.4546875 0.2453125 0.0234375 0.0234375
0 0.65625 0.303125 0.0234375 0.0203125
3 0.1171875 0.5796875 0.0140625 0.01875
0 0.5625 0.6578125 0.0359375 0.0359375
3 0.059375 0.809375 0.0125 0.0171875
3 0.528125 0.6296875 0.0125 0.0125
3 0.0484375 0.640625 0.0109375 0.0140625
3 0.68125 0.4703125 0.0125 0.0203125
0 0.3828125 0.21875 0.03125 0.025
0 0.3484375 0.7984375 0.04375 0.0375
3 0.4328125 0.3328125 0.0171875 0.0203125
3 0.7875 0.196875 0.0171875 0.0234375
0 0.2984375 0.265625 0.0546875 0.0625
3 0.14375 0.5 0.009375 0.0125
3 0.4328125 0.56875 0.009375 0.0125
3 0.621875 0.0765625 0.0140625 0.015625
0 0.1171875 0.0546875 0.01875 0.015625
3 0.040625 0.8625 0.015625 0.015625
3 0.23125 0.0828125 0.0109375 0.0109375
0 0.30625 0.5890625 0.021875 0.0234375
0 0.10625 0.1984375 0.03125 0.0234375
3 0.7328125 0.2703125 0.0109375 0.0125
0 0.5296875 0.3359375 0.025 0.015625
3 0.8296875 0.946875 0.0125 0.015625
3 0.209375 0.59375 0.0109375 0.0109375
3 0.6515625 0.734375 0.01875 0.0171875
3 0.8875 0.4484375 0.009375 0.0125
3 0.4484375 0.190625 0.0109375 0.0125
3 0.2140625 0.825 0.0140625 0.021875
3 0.475 0.0453125 0.021875 0.0328125