3 0.478125 0.603125 0.0140625 0.0125
3 0.6296875 0.321875 0.015625 0.01875
3 0.296875 0.5859375 0.015625 0.0140625
3 0.575 0.5859375 0.0109375 0.0125
3 0.45625 0.23125 0.0125 0.0125
3 0.7125 0.1515625 0.0140625 0.015625
3 0.5875 0.3 0.0125 0.009375
3 0.6078125 0.928125 0.015625 0.0125
3 0.5875 0.6359375 0.0171875 0.0140625
3 0.784375 0.95 0.01875 0.0140625
3 0.2078125 0.4890625 0.0109375 0.0125
3 0.4921875 0.978125 0.0125 0.015625
3 0.6984375 0.371875 0.0109375 0.0125
3 0.3 0.4375 0.015625 0.0125
0 0.7875 0.475 0.025 0.025
0 0.725 0.6875 0.021875 0.025
3 0.434375 0.121875 0.0203125 0.015625
0 0.353125 0.5890625 0.0375 0.0375
3 0.1921875 0.0609375 0.01875 0.0125
3 0.38125 0.553125 0.0140625 0.0125
3 0.371875 0.0484375 0.015625 0.0109375
3 0.55 0.7140625 0.0203125 0.0140625
0 0.8140625 0.4015625 0.025 0.0328125
0 0.2046875 0.3640625 0.0390625 0.0453125
3 0.6953125 0.453125 0.021875 0.0171875
3 0.8375 0.8265625 0.025 0.0171875
0 0.7640625 0.3125 0.065625 0.05625
3 0.5171875 0.1484375 0.0140625 0.0109375
3 0.4453125 0.453125 0.0125 0.009375
3 0.9625 0.6515625 0.015625 0.015625
3 0.1375 0.040625 0.015625 0.0171875
3 0.9578125 0.240625 0.0125 0.0109375
0 0.425 0.31875 0.0234375 0.0234375
0 0.8359375 0.109375 0.025 0.0328125
3 0.759375 0.7671875 0.0125 0.0125
0 0.690625 0.5546875 0.015625 0.0265625
3 0.0484375 0.86875 0.015625 0.0140625
3 0.4203125 0.21875 0.0109375 0.0125
3 0.2734375 0.6828125 0.01875 0.01875
3 0.5734375 0.9296875 0.0125 0.009375
3 0.84375 0.46875 0.0125 0.0109375
3 0.1765625 0.2234375 0.0234375 0.0140625