3 0.590625 0.584375 0.0109375 0.0109375
3 0.2609375 0.4109375 0.0125 0.0140625
3 0.45 0.4625 0.0125 0.0109375
3 0.6921875 0.5203125 0.01875 0.0171875
3 0.8859375 0.2359375 0.0140625 0.0171875
3 0.3609375 0.4609375 0.015625 0.0125
3 0.4734375 0.80625 0.0109375 0.0109375
3 0.9171875 0.5109375 0.0140625 0.0109375
3 0.3328125 0.421875 0.0125 0.0140625
3 0.1875 0.3765625 0.0125 0.009375
3 0.2296875 0.4796875 0.0203125 0.0234375
3 0.45625 0.70625 0.0109375 0.0125
3 0.1046875 0.0828125 0.0109375 0.0109375
0 0.7328125 0.153125 0.01875 0.021875
3 0.1484375 0.7859375 0.0109375 0.0125
3 0.6015625 0.4921875 0.0234375 0.01875
0 0.3484375 0.2890625 0.0421875 0.0375
0 0.4265625 0.2859375 0.04375 0.0453125
3 0.8265625 0.4796875 0.025 0.0203125
3 0.121875 0.7796875 0.015625 0.0125
3 0.6 0.06875 0.0140625 0.0125
3 0.8171875 0.9359375 0.0125 0.0140625
0 0.403125 0.2140625 0.0296875 0.0359375
3 0.353125 0.3390625 0.01875 0.0234375
3 0.3484375 0.2296875 0.0140625 0.01875
3 0.0875 0.9390625 0.0125 0.015625
3 0.69375 0.4859375 0.0140625 0.015625
3 0.3140625 0.7828125 0.009375 0.0125
3 0.425 0.5359375 0.0109375 0.0109375
3 0.246875 0.1765625 0.0171875 0.015625
3 0.4453125 0.55625 0.009375 0.0109375
0 0.8453125 0.3515625 0.0359375 0.0203125
3 0.340625 0.7265625 0.021875 0.0296875
3 0.3671875 0.08125 0.0109375 0.015625
0 0.434375 0.0359375 0.01875 0.0234375
3 0.05 0.409375 0.0125 0.0140625
0 0.1390625 0.4578125 0.0234375 0.021875
3 0.4046875 0.3734375 0.0109375 0.0125
3 0.625 0.915625 0.0140625 0.0125
3 0.4640625 0.934375 0.0109375 0.0109375
3 0.3578125 0.5890625 0.040625 0.034375
3 0.7203125 0.1765625 0.015625 0.015625
3 0.1734375 0.7203125 0.0125 0.0171875