3 0.40625 0.3765625 0.0109375 0.0125
3 0.590625 0.728125 0.015625 0.0125
3 0.5359375 0.525 0.0109375 0.0140625
3 0.475 0.2671875 0.01875 0.01875
3 0.7765625 0.0625 0.01875 0.015625
3 0.5375 0.6203125 0.0140625 0.015625
3 0.1703125 0.5 0.0109375 0.0109375
3 0.484375 0.028125 0.0109375 0.0140625
3 0.5796875 0.65 0.015625 0.0140625
3 0.628125 0.8046875 0.009375 0.0140625
3 0.51875 0.7609375 0.025 0.021875
3 0.2765625 0.51875 0.0140625 0.0109375
3 0.940625 0.8921875 0.0125 0.0109375
0 0.865625 0.2265625 0.021875 0.0203125
3 0.1921875 0.8453125 0.0125 0.0109375
3 0.5046875 0.365625 0.0203125 0.0234375
0 0.7203125 0.634375 0.0390625 0.0453125
0 0.725 0.55 0.046875 0.046875
3 0.51875 0.1265625 0.021875 0.028125
3 0.2 0.875 0.0140625 0.0171875
3 0.9546875 0.365625 0.0125 0.015625
3 0.0328125 0.1359375 0.0140625 0.0140625
0 0.8 0.575 0.0390625 0.03125
3 0.6671875 0.628125 0.025 0.0203125
3 0.7828125 0.634375 0.0203125 0.0140625
3 0.03125 0.9109375 0.015625 0.0125
3 0.5109375 0.265625 0.0171875 0.0140625
3 0.1953125 0.6703125 0.0140625 0.009375
3 0.4578125 0.553125 0.0109375 0.0109375
3 0.8390625 0.7421875 0.0171875 0.01875
3 0.4359375 0.53125 0.0109375 0.009375
0 0.6546875 0.1046875 0.021875 0.0390625
3 0.25625 0.6421875 0.03125 0.0234375
3 0.9421875 0.6125 0.0171875 0.0109375
3 0.59375 0.95 0.0140625 0.0140625
0 0.5421875 0.85625 0.0234375 0.0234375
3 0.63125 0.5734375 0.0140625 0.0109375
3 0.0546875 0.340625 0.0140625 0.0140625
3 0.034375 0.5109375 0.0125 0.0125
3 0.4015625 0.6234375 0.0375 0.0421875
3 0.840625 0.2390625 0.015625 0.015625
3 0.2609375 0.81875 0.0171875 0.0140625