3 0.65625 0.38125 0.0171875 0.015625
3 0.325 0.0578125 0.0140625 0.015625
3 0.7421875 0.54375 0.0109375 0.0109375
3 0.4546875 0.496875 0.015625 0.01875
3 0.471875 0.3171875 0.0140625 0.0171875
0 0.7390625 0.478125 0.05625 0.04375
3 0.5578125 0.85625 0.0140625 0.0140625
0 0.365625 0.546875 0.0265625 0.028125
3 0.75 0.940625 0.0109375 0.009375
3 0.4890625 0.765625 0.009375 0.009375
3 0.615625 0.4609375 0.0125 0.0109375
3 0.1578125 0.746875 0.0125 0.0109375
3 0.6125 0.040625 0.021875 0.015625
3 0.80625 0.5765625 0.0125 0.0125
3 0.6484375 0.29375 0.0125 0.0140625
3 0.846875 0.490625 0.0234375 0.025
0 0.365625 0.4578125 0.040625 0.0390625
3 0.2515625 0.6921875 0.0109375 0.0109375
3 0.375 0.7203125 0.009375 0.0171875
0 0.0421875 0.4734375 0.0390625 0.0203125
3 0.6875 0.4390625 0.0203125 0.0171875
0 0.215625 0.6375 0.0171875 0.025
3 0.7609375 0.7203125 0.0203125 0.0140625
0 0.60625 0.6421875 0.0140625 0.0390625
3 0.5703125 0.0390625 0.015625 0.0125
3 0.415625 0.328125 0.0171875 0.0203125
0 0.621875 0.5015625 0.021875 0.0359375
0 0.86875 0.8359375 0.0265625 0.0296875
0 0.3390625 0.6421875 0.0265625 0.0296875
3 0.3421875 0.65 0.0140625 0.0109375
0 0.6703125 0.728125 0.053125 0.075
0 0.6703125 0.2125 0.04375 0.0390625
3 0.615625 0.7484375 0.0109375 0.009375
0 0.9171875 0.415625 0.0328125 0.0234375
0 0.3609375 0.4703125 0.028125 0.015625