3 0.5984375 0.6375 0.0140625 0.015625
3 0.909375 0.3203125 0.0140625 0.0140625
3 0.4421875 0.7203125 0.0109375 0.0109375
3 0.4890625 0.44375 0.01875 0.0140625
3 0.659375 0.4609375 0.015625 0.0140625
0 0.50625 0.715625 0.040625 0.053125
3 0.14375 0.54375 0.0140625 0.0140625
0 0.440625 0.3578125 0.028125 0.0265625
3 0.0609375 0.7265625 0.009375 0.0109375
3 0.2296875 0.478125 0.009375 0.009375
3 0.521875 0.5984375 0.0109375 0.0125
3 0.2484375 0.159375 0.0109375 0.0125
3 0.9265625 0.5953125 0.015625 0.021875
3 0.4109375 0.78125 0.0125 0.0125
3 0.6828125 0.6296875 0.0140625 0.0125
3 0.49375 0.8203125 0.0234375 0.0234375
0 0.525 0.359375 0.0375 0.0390625
3 0.3 0.25 0.0109375 0.0109375
3 0.275 0.3671875 0.015625 0.009375
0 0.5109375 0.0484375 0.0203125 0.0421875
3 0.5421875 0.6671875 0.015625 0.01875
0 0.353125 0.2140625 0.0234375 0.015625
3 0.2734375 0.7390625 0.0140625 0.0203125
0 0.3484375 0.590625 0.0375 0.0140625
3 0.928125 0.5546875 0.0109375 0.0140625
3 0.6484375 0.40625 0.01875 0.0171875
0 0.4828125 0.6046875 0.034375 0.021875
0 0.1640625 0.840625 0.028125 0.025
0 0.3484375 0.3328125 0.028125 0.025
3 0.340625 0.3359375 0.009375 0.0125
0 0.265625 0.6515625 0.071875 0.0515625
0 0.7609375 0.6515625 0.0375 0.040625
3 0.246875 0.5984375 0.009375 0.009375
0 0.565625 0.8890625 0.0234375 0.03125
0 0.5140625 0.3546875 0.015625 0.0265625