3 0.4671875 0.678125 0.0140625 0.0125
0 0.4015625 0.20625 0.028125 0.028125
3 0.521875 0.5265625 0.015625 0.015625
3 0.765625 0.2265625 0.0140625 0.015625
3 0.821875 0.20625 0.0140625 0.0140625
3 0.0765625 0.51875 0.015625 0.0125
0 0.5828125 0.1828125 0.0234375 0.025
3 0.95 0.3453125 0.015625 0.015625
3 0.0953125 0.2671875 0.0140625 0.0140625
3 0.728125 0.5 0.0140625 0.0171875
3 0.8546875 0.634375 0.0109375 0.0140625
3 0.5890625 0.69375 0.0140625 0.0140625
3 0.1375 0.7078125 0.0109375 0.0125
0 0.4625 0.2703125 0.03125 0.0328125
3 0.0953125 0.33125 0.0125 0.0109375
3 0.115625 0.44375 0.0140625 0.015625
3 0.1109375 0.5796875 0.0125 0.0125
3 0.7953125 0.4203125 0.0171875 0.0171875
3 0.8859375 0.1578125 0.0171875 0.0140625
0 0.48125 0.746875 0.025 0.03125
3 0.0015625 0.2875 0.003125 0.0109375
0 0.965625 0.48125 0.0265625 0.025
3 0.70625 0.5171875 0.009375 0.0109375
3 0.3984375 0.4484375 0.0125 0.0109375
3 0.5359375 0.4203125 0.0203125 0.021875
3 0.084375 0.3984375 0.009375 0.0125
3 0.2484375 0.3109375 0.0140625 0.015625
3 0.603125 0.1015625 0.0140625 0.0171875
3 0.796875 0.5796875 0.0140625 0.0171875
0 0.3328125 0.25 0.0296875 0.025
3 0.4390625 0.43125 0.021875 0.0234375
3 0.6078125 0.5 0.009375 0.0109375
0 0.6890625 0.1609375 0.0265625 0.0203125
3 0.884375 0.7953125 0.0109375 0.0140625
3 0.1734375 0.4 0.015625 0.025
3 0.5203125 0.065625 0.015625 0.0171875
3 0.2625 0.2390625 0.0140625 0.015625
3 0.89375 0.9015625 0.015625 0.0125
3 0.4546875 0.7984375 0.01875 0.0140625
0 0.53125 0.7609375 0.0546875 0.0390625
3 0.3359375 0.0421875 0.015625 0.0140625
3 0.16875 0.9046875 0.0125 0.015625