3 0.5265625 0.68125 0.0125 0.0109375
0 0.5875 0.240625 0.0265625 0.0265625
3 0.475 0.540625 0.015625 0.0140625
3 0.2484375 0.259375 0.0140625 0.0140625
3 0.196875 0.240625 0.0125 0.0125
3 0.890625 0.53125 0.015625 0.0109375
0 0.4171875 0.2203125 0.021875 0.0234375
3 0.0765625 0.371875 0.0140625 0.0140625
3 0.871875 0.2984375 0.0140625 0.0125
3 0.284375 0.515625 0.0140625 0.0171875
3 0.165625 0.640625 0.0109375 0.0125
3 0.4125 0.6953125 0.0125 0.0125
3 0.8328125 0.7078125 0.009375 0.0125
0 0.53125 0.3015625 0.028125 0.03125
3 0.9796875 0.471875 0.0125 0.0125
3 0.871875 0.3578125 0.0109375 0.0109375
3 0.8546875 0.4625 0.0140625 0.015625
3 0.8578125 0.5890625 0.0109375 0.0109375
3 0.221875 0.440625 0.015625 0.015625
3 0.1359375 0.196875 0.0171875 0.0125
0 0.5125 0.7453125 0.0234375 0.0296875
3 0.9625 0.3171875 0.0109375 0.0125
0 0.0625 0.496875 0.0234375 0.0234375
3 0.303125 0.53125 0.009375 0.0109375
3 0.978125 0.353125 0.0125 0.0125
3 0.590625 0.4671875 0.0109375 0.0109375
3 0.4625 0.440625 0.01875 0.0203125
0 0.1203125 0.03125 0.025 0.0140625
3 0.88125 0.4203125 0.009375 0.0109375
3 0.7296875 0.3390625 0.0140625 0.0140625
3 0.4 0.1453125 0.0140625 0.015625
3 0.2203125 0.5890625 0.0140625 0.015625
0 0.6515625 0.2828125 0.0265625 0.0234375
3 0.5515625 0.4515625 0.0203125 0.021875
3 0.3953125 0.515625 0.009375 0.009375
0 0.31875 0.2 0.025 0.01875
3 0.1390625 0.790625 0.0109375 0.0125
3 0.8 0.421875 0.0140625 0.0234375
3 0.4765625 0.1109375 0.0140625 0.015625
3 0.7171875 0.271875 0.0125 0.0140625
3 0.1296875 0.8890625 0.0140625 0.0109375
3 0.5375 0.7921875 0.0171875 0.0125
3 0.00625 0.6046875 0.009375 0.0109375
0 0.465625 0.7578125 0.05 0.0359375
3 0.6484375 0.0890625 0.0140625 0.0140625
3 0.803125 0.8921875 0.0125 0.0140625