3 0.1265625 0.5 0.0140625 0.0125
3 0.171875 0.4875 0.0125 0.0125
3 0.5140625 0.7046875 0.01875 0.0171875
3 0.315625 0.53125 0.0125 0.0140625
3 0.9015625 0.5015625 0.0109375 0.0125
3 0.3078125 0.296875 0.0125 0.0125
3 0.2828125 0.7375 0.0171875 0.015625
3 0.2375 0.4734375 0.0125 0.0125
3 0.45 0.3171875 0.0125 0.0140625
3 0.8859375 0.28125 0.0140625 0.0171875
3 0.7234375 0.6921875 0.0125 0.0140625
3 0.159375 0.3484375 0.015625 0.0125
3 0.096875 0.5984375 0.0171875 0.0171875
3 0.875 0.7546875 0.0109375 0.0140625
3 0.5703125 0.621875 0.01875 0.0203125
0 0.1234375 0.6703125 0.025 0.0234375
3 0.1921875 0.7375 0.0109375 0.0109375
3 0.9015625 0.478125 0.009375 0.0109375
3 0.909375 0.8265625 0.009375 0.0109375
3 0.80625 0.1078125 0.0140625 0.0140625
0 0.6203125 0.528125 0.0296875 0.025
0 0.5390625 0.41875 0.0328125 0.0328125
3 0.5203125 0.1125 0.0203125 0.015625
3 0.93125 0.7328125 0.0125 0.0109375
0 0.4296875 0.5671875 0.01875 0.0203125
0 0.6453125 0.44375 0.0296875 0.0234375
3 0.7515625 0.4859375 0.0171875 0.0171875
3 0.15625 0.4390625 0.0171875 0.0109375
0 0.0796875 0.3890625 0.0265625 0.0265625
3 0.5453125 0.7875 0.0125 0.0125
3 0.51875 0.659375 0.0109375 0.0125
3 0.6640625 0.55625 0.0125 0.0109375
3 0.378125 0.4140625 0.015625 0.0109375
0 0.3765625 0.2390625 0.0390625 0.0234375
3 0.56875 0.9375 0.0140625 0.0125
0 0.6046875 0.390625 0.0296875 0.0203125
3 0.3359375 0.075 0.0234375 0.021875
3 0.346875 0.74375 0.0203125 0.015625
3 0.715625 0.46875 0.0234375 0.025
3 0.3921875 0.740625 0.0125 0.0125
3 0.7296875 0.1453125 0.009375 0.0125
3 0.984375 0.0859375 0.0125 0.0140625
3 0.7875 0.6609375 0.0109375 0.0140625
3 0.1390625 0.7890625 0.01875 0.01875
3 0.9859375 0.2546875 0.0125 0.015625
0 0.0625 0.46875 0.0171875 0.021875
3 0.378125 0.19375 0.0140625 0.009375
0 0.384375 0.875 0.05 0.04375
3 0.99609375 0.2546875 0.0078125 0.015625
3 0.459375 0.8796875 0.0265625 0.0140625
0 0.0234375 0.6609375 0.021875 0.0265625
3 0.825 0.9453125 0.009375 0.0109375
3 0.2609375 0.175 0.0234375 0.01875