3 0.5265625 0.9171875 0.0140625 0.015625
3 0.5125 0.8671875 0.0140625 0.0140625
3 0.7515625 0.4921875 0.01875 0.0203125
3 0.5609375 0.709375 0.015625 0.0140625
3 0.528125 0.065625 0.0140625 0.0125
3 0.303125 0.7171875 0.0125 0.0140625
3 0.7875 0.746875 0.0171875 0.01875
3 0.496875 0.7953125 0.0125 0.0140625
3 0.3234375 0.5609375 0.015625 0.0140625
3 0.284375 0.0828125 0.01875 0.015625
3 0.7359375 0.2609375 0.015625 0.0125
3 0.359375 0.88125 0.0140625 0.0171875
3 0.634375 0.95 0.01875 0.01875
3 0.80625 0.0953125 0.015625 0.0125
3 0.659375 0.4296875 0.0234375 0.0203125
0 0.7140625 0.921875 0.025 0.028125
3 0.7875 0.8453125 0.0109375 0.0109375
3 0.503125 0.065625 0.0125 0.0109375
3 0.884375 0.0578125 0.0109375 0.0109375
3 0.09375 0.1703125 0.015625 0.0140625
0 0.5578125 0.375 0.028125 0.0328125
0 0.4359375 0.4640625 0.0359375 0.0359375
3 0.1 0.484375 0.0171875 0.021875
3 0.78125 0.0328125 0.0125 0.0140625
0 0.6 0.5828125 0.0234375 0.0203125
0 0.4640625 0.346875 0.025 0.0328125
3 0.5109375 0.23125 0.01875 0.01875
3 0.459375 0.884375 0.0125 0.01875
0 0.403125 0.9703125 0.0296875 0.0296875
3 0.8421875 0.45625 0.0140625 0.0125
3 0.7015625 0.4859375 0.0140625 0.0125
3 0.5875 0.3265625 0.0125 0.0140625
3 0.43125 0.640625 0.0109375 0.0171875
0 0.2390625 0.6421875 0.0265625 0.04375
0 0.40625 0.3921875 0.021875 0.0328125
3 0.059375 0.6859375 0.025 0.025
3 0.79375 0.6765625 0.0171875 0.0234375
3 0.4921875 0.2703125 0.0265625 0.025
3 0.790625 0.6265625 0.0140625 0.0140625
3 0.1359375 0.2546875 0.0140625 0.0109375
3 0.703125 0.190625 0.0140625 0.0125
3 0.84375 0.903125 0.0203125 0.021875
0 0.4921875 0.9890625 0.0234375 0.01875
3 0.1890625 0.640625 0.0109375 0.015625
0 0.9375 0.634375 0.0484375 0.0546875
3 0.94375 0.5515625 0.015625 0.0296875
3 0.16875 0.7703125 0.021875 0.025