3 0.640625 0.590625 0.0125 0.0140625
3 0.5078125 0.715625 0.0125 0.0125
3 0.590625 0.509375 0.0109375 0.0125
3 0.1046875 0.3640625 0.0140625 0.015625
0 0.5625 0.3671875 0.0296875 0.0359375
0 0.1734375 0.2203125 0.0359375 0.028125
3 0.16875 0.671875 0.015625 0.0140625
3 0.9375 0.5640625 0.0125 0.0109375
0 0.5203125 0.2078125 0.028125 0.025
3 0.7578125 0.5234375 0.0140625 0.015625
3 0.64375 0.684375 0.01875 0.01875
3 0.2234375 0.775 0.015625 0.0171875
3 0.5609375 0.3046875 0.015625 0.0125
3 0.8703125 0.44375 0.0140625 0.0140625
3 0.5 0.3171875 0.0140625 0.015625
3 0.66875 0.6203125 0.0109375 0.015625
0 0.3625 0.546875 0.04375 0.0640625
3 0.2484375 0.8265625 0.0125 0.0140625
0 0.2828125 0.5765625 0.053125 0.046875
3 0.0375 0.628125 0.009375 0.0109375
0 0.8625 0.415625 0.0171875 0.0234375
0 0.6515625 0.2640625 0.0203125 0.0296875
3 0.9671875 0.56875 0.009375 0.009375
3 0.240625 0.6484375 0.0125 0.015625
3 0.1625 0.4484375 0.01875 0.0140625
3 0.4671875 0.821875 0.021875 0.01875
3 0.6140625 0.5 0.0109375 0.0125
0 0.1875 0.0453125 0.040625 0.034375
3 0.0875 0.73125 0.01875 0.015625
3 0.6859375 0.534375 0.0109375 0.0125
3 0.6375 0.7265625 0.009375 0.0125
3 0.890625 0.5953125 0.0171875 0.009375
3 0.571875 0.0671875 0.015625 0.015625
3 0.275 0.878125 0.0109375 0.0125
3 0.3890625 0.278125 0.0171875 0.0125
3 0.340625 0.1625 0.0125 0.0125
3 0.0890625 0.4765625 0.0109375 0.009375
3 0.18125 0.53125 0.0109375 0.0109375
3 0.3734375 0.2328125 0.021875 0.01875