3 0.6875 0.365625 0.0140625 0.015625
3 0.54375 0.228125 0.0125 0.0140625
3 0.6328125 0.4546875 0.0125 0.0125
3 0.1015625 0.6125 0.015625 0.015625
0 0.6015625 0.609375 0.0328125 0.0390625
0 0.175 0.7703125 0.0390625 0.03125
3 0.171875 0.275 0.0171875 0.015625
0 0.55625 0.7828125 0.0296875 0.028125
3 0.8171875 0.4390625 0.015625 0.0171875
3 0.690625 0.2625 0.0203125 0.0203125
3 0.23125 0.1640625 0.0171875 0.01875
3 0.6 0.6765625 0.0171875 0.0140625
3 0.9390625 0.525 0.0140625 0.015625
3 0.534375 0.6640625 0.015625 0.0171875
3 0.71875 0.33125 0.0125 0.0171875
0 0.384375 0.4125 0.0484375 0.0703125
3 0.2578125 0.10625 0.0140625 0.015625
0 0.2953125 0.38125 0.0578125 0.05
3 0.0265625 0.3234375 0.0109375 0.0125
0 0.93125 0.5578125 0.01875 0.025
0 0.7 0.721875 0.021875 0.0328125
3 0.25 0.3015625 0.0125 0.0171875
3 0.1640625 0.5203125 0.0203125 0.015625
3 0.4984375 0.1109375 0.025 0.021875
3 0.659375 0.4625 0.0109375 0.0140625
0 0.1921875 0.9609375 0.0453125 0.034375
3 0.0828125 0.2109375 0.0203125 0.0171875
3 0.7375 0.4265625 0.0125 0.0140625
3 0.684375 0.2171875 0.0109375 0.0140625
3 0.9625 0.359375 0.01875 0.0109375
3 0.6140625 0.9375 0.0171875 0.0171875
3 0.2875 0.05 0.0125 0.0125
3 0.4125 0.70625 0.0203125 0.0140625
3 0.359375 0.8328125 0.0140625 0.0140625
3 0.084375 0.490625 0.0125 0.0109375
3 0.184375 0.4296875 0.0109375 0.0109375
3 0.3953125 0.75625 0.025 0.0203125