3 0.084375 0.4515625 0.0125 0.015625
3 0.29375 0.58125 0.0109375 0.015625
3 0.6421875 0.6296875 0.0125 0.0171875
3 0.5984375 0.403125 0.015625 0.01875
3 0.6140625 0.509375 0.0109375 0.0109375
3 0.1609375 0.3546875 0.0140625 0.0171875
3 0.925 0.49375 0.025 0.025
3 0.425 0.8515625 0.0140625 0.0171875
3 0.3671875 0.48125 0.01875 0.01875
3 0.7734375 0.4921875 0.0140625 0.015625
3 0.196875 0.603125 0.015625 0.0171875
3 0.3109375 0.4640625 0.0140625 0.0171875
3 0.975 0.453125 0.0109375 0.0109375
3 0.9328125 0.40625 0.0140625 0.0125
3 0.6390625 0.953125 0.0125 0.0125
3 0.6890625 0.5 0.009375 0.0125
3 0.6046875 0.971875 0.0109375 0.009375
3 0.6640625 0.33125 0.0171875 0.0203125
0 0.3953125 0.7953125 0.021875 0.0171875
0 0.259375 0.5015625 0.0234375 0.0328125
3 0.3625 0.86875 0.0125 0.0125
3 0.553125 0.3578125 0.01875 0.015625
0 0.24375 0.040625 0.034375 0.0328125
0 0.6234375 0.4390625 0.028125 0.05625
0 0.4625 0.184375 0.03125 0.025
3 0.1296875 0.33125 0.015625 0.015625
3 0.8578125 0.7515625 0.0203125 0.028125
3 0.440625 0.4640625 0.009375 0.0109375
0 0.646875 0.259375 0.034375 0.021875
3 0.0140625 0.3609375 0.009375 0.0171875