3 0.1015625 0.559375 0.0125 0.0140625
3 0.30625 0.4328125 0.0109375 0.015625
3 0.6453125 0.3859375 0.0125 0.0171875
3 0.603125 0.60625 0.015625 0.01875
3 0.6171875 0.503125 0.009375 0.0109375
3 0.175 0.653125 0.0140625 0.0171875
3 0.91875 0.51875 0.0234375 0.0234375
3 0.4328125 0.1703125 0.0140625 0.015625
3 0.3765625 0.5296875 0.01875 0.01875
3 0.771875 0.5203125 0.0125 0.015625
3 0.2125 0.4109375 0.015625 0.015625
3 0.3234375 0.546875 0.0125 0.015625
3 0.96875 0.5578125 0.0109375 0.0109375
3 0.9265625 0.603125 0.0140625 0.0125
3 0.6421875 0.071875 0.0125 0.0109375
3 0.690625 0.5125 0.009375 0.0109375
3 0.6078125 0.053125 0.0109375 0.0125
3 0.665625 0.6765625 0.015625 0.01875
0 0.4046875 0.225 0.021875 0.015625
0 0.2734375 0.5109375 0.0234375 0.0328125
3 0.371875 0.153125 0.0109375 0.0125
3 0.5578125 0.6515625 0.01875 0.015625
0 0.2578125 0.959375 0.0359375 0.0328125
0 0.6265625 0.571875 0.0265625 0.0546875
0 0.4703125 0.81875 0.03125 0.025
3 0.1453125 0.6765625 0.015625 0.015625
3 0.853125 0.2671875 0.0203125 0.0265625
3 0.4484375 0.546875 0.009375 0.0109375
0 0.65 0.746875 0.034375 0.021875
3 0.0328125 0.6484375 0.009375 0.015625