3 0.5546875 0.515625 0.0109375 0.0140625
3 0.2046875 0.58125 0.0140625 0.0171875
3 0.5859375 0.5046875 0.0109375 0.0109375
3 0.6609375 0.68125 0.0125 0.0140625
3 0.6078125 0.4265625 0.0125 0.0140625
3 0.646875 0.515625 0.0203125 0.0203125
3 0.4140625 0.3109375 0.0140625 0.0140625
3 0.8671875 0.703125 0.0140625 0.0125
3 0.8890625 0.6125 0.0171875 0.0125
0 0.759375 0.2078125 0.021875 0.0203125
3 0.153125 0.6296875 0.0171875 0.021875
3 0.9328125 0.55625 0.0109375 0.009375
3 0.5578125 0.7671875 0.015625 0.0265625
3 0.7234375 0.7375 0.0140625 0.0140625
3 0.5296875 0.6671875 0.0109375 0.0125
3 0.034375 0.6265625 0.0125 0.015625
0 0.8875 0.5828125 0.0234375 0.0171875
3 0.4203125 0.79375 0.0140625 0.0125
3 0.3265625 0.784375 0.0140625 0.0109375
3 0.334375 0.15625 0.0125 0.0125
3 0.415625 0.55 0.009375 0.0109375
0 0.540625 0.16875 0.0421875 0.03125
3 0.4671875 0.6796875 0.028125 0.0328125
3 0.1046875 0.8203125 0.0140625 0.015625
3 0.625 0.6828125 0.021875 0.0125
3 0.4671875 0.7765625 0.01875 0.025
3 0.6328125 0.71875 0.0109375 0.0140625
0 0.18125 0.340625 0.0171875 0.01875
3 0.559375 0.3015625 0.01875 0.0171875
3 0.1625 0.5046875 0.015625 0.021875
3 0.3390625 0.6578125 0.0109375 0.0109375
0 0.36875 0.228125 0.0234375 0.0171875
3 0.234375 0.5 0.015625 0.0125
3 0.0828125 0.471875 0.0109375 0.0109375
3 0.5859375 0.0359375 0.0125 0.0125
3 0.14375 0.1640625 0.0140625 0.015625
3 0.9640625 0.5609375 0.009375 0.0109375
3 0.4203125 0.0640625 0.0078125 0.0140625
0 0.3046875 0.8640625 0.040625 0.053125
0 0.3171875 0.571875 0.0359375 0.034375
0 0.2640625 0.6171875 0.0203125 0.040625
0 0.2203125 0.9 0.0234375 0.028125