3 0.465625 0.48125 0.0171875 0.0125
3 0.39375 0.8703125 0.0203125 0.015625
3 0.478125 0.446875 0.0125 0.0125
3 0.2828125 0.3640625 0.015625 0.0140625
3 0.5640625 0.421875 0.015625 0.0125
3 0.4671875 0.3796875 0.021875 0.0234375
3 0.6921875 0.6375 0.015625 0.015625
3 0.2578125 0.1359375 0.0140625 0.015625
3 0.359375 0.1109375 0.0140625 0.01875
0 0.8078125 0.2546875 0.021875 0.0234375
3 0.340625 0.928125 0.0234375 0.01875
3 0.421875 0.0625 0.0109375 0.0125
3 0.1875 0.478125 0.0296875 0.0171875
3 0.2203125 0.2953125 0.015625 0.015625
3 0.2984375 0.509375 0.0140625 0.0125
0 0.3921875 0.1140625 0.01875 0.025
3 0.1578125 0.6296875 0.0140625 0.015625
3 0.16875 0.734375 0.0125 0.015625
3 0.8640625 0.725 0.0140625 0.0140625
3 0.428125 0.6359375 0.0125 0.0109375
0 0.85 0.4984375 0.034375 0.046875
3 0.284375 0.5796875 0.0359375 0.0296875
3 0.128125 0.9796875 0.0171875 0.015625
3 0.28125 0.403125 0.0140625 0.025
3 0.1765625 0.578125 0.028125 0.0203125
3 0.240625 0.3953125 0.015625 0.0125
0 0.6609375 0.8953125 0.0203125 0.01875
3 0.703125 0.475 0.01875 0.0203125
3 0.478125 0.9171875 0.025 0.0171875
3 0.3078125 0.7203125 0.0125 0.0109375
0 0.7859375 0.6875 0.01875 0.0265625
3 0.4828125 0.8359375 0.0140625 0.0171875
3 0.85625 0.9375 0.0171875 0.015625
3 0.415625 0.028125 0.0125 0.0109375
3 0.965625 0.63125 0.015625 0.009375
0 0.08125 0.759375 0.059375 0.0453125
0 0.403125 0.74375 0.0390625 0.0390625
0 0.353125 0.803125 0.0453125 0.021875
0 0.0390625 0.853125 0.03125 0.0265625