3 0.421875 0.4484375 0.0109375 0.0140625
3 0.628125 0.5109375 0.0125 0.0125
3 0.1234375 0.6453125 0.0125 0.0140625
3 0.375 0.440625 0.0109375 0.0109375
0 0.7765625 0.1671875 0.021875 0.015625
3 0.2109375 0.6765625 0.0125 0.0140625
3 0.1703125 0.440625 0.0171875 0.0125
3 0.6453125 0.7046875 0.021875 0.015625
0 0.371875 0.2671875 0.03125 0.0265625
3 0.9125 0.715625 0.0140625 0.0125
3 0.784375 0.684375 0.0125 0.0140625
0 0.2609375 0.19375 0.040625 0.0375
0 0.9390625 0.5921875 0.021875 0.015625
3 0.94375 0.621875 0.0125 0.0171875
3 0.115625 0.7390625 0.0109375 0.0109375
3 0.43125 0.89375 0.0125 0.0109375
0 0.4671875 0.384375 0.0234375 0.021875
3 0.7015625 0.5203125 0.009375 0.0109375
3 0.7359375 0.1734375 0.0140625 0.0125
3 0.565625 0.5484375 0.0109375 0.009375
3 0.134375 0.4671875 0.0125 0.0109375
3 0.9765625 0.5703125 0.0109375 0.009375
3 0.3859375 0.159375 0.0125 0.0109375
3 0.459375 0.553125 0.009375 0.009375
3 0.6703125 0.6890625 0.021875 0.0109375
3 0.8375 0.875 0.0234375 0.0171875