3 0.5984375 0.4515625 0.0109375 0.015625
3 0.378125 0.51875 0.0125 0.0125
3 0.915625 0.6609375 0.0125 0.0140625
3 0.6484375 0.44375 0.0109375 0.0109375
0 0.21875 0.153125 0.0234375 0.0171875
3 0.8234375 0.6953125 0.0140625 0.0140625
3 0.865625 0.4421875 0.0171875 0.0140625
3 0.359375 0.725 0.0234375 0.0171875
0 0.65 0.259375 0.0328125 0.028125
3 0.0734375 0.7359375 0.0140625 0.0140625
3 0.2109375 0.703125 0.0125 0.0140625
0 0.76875 0.1796875 0.0421875 0.0390625
0 0.046875 0.6046875 0.0234375 0.015625
3 0.040625 0.6359375 0.0140625 0.01875
3 0.925 0.7625 0.0109375 0.0109375
3 0.5875 0.9265625 0.0125 0.0109375
0 0.55 0.384375 0.025 0.0234375
3 0.3 0.528125 0.009375 0.0109375
3 0.2640625 0.159375 0.0140625 0.0140625
3 0.4453125 0.559375 0.0109375 0.0109375
3 0.9046875 0.471875 0.0125 0.0125
3 0.00625 0.58125 0.0109375 0.009375
3 0.6359375 0.1421875 0.0125 0.0125
3 0.5578125 0.5625 0.009375 0.0109375
3 0.3328125 0.709375 0.0234375 0.0109375
3 0.1546875 0.90625 0.025 0.01875