3 0.3640625 0.6703125 0.0171875 0.0234375
3 0.2265625 0.459375 0.0171875 0.0125
3 0.6875 0.2578125 0.015625 0.0140625
3 0.4734375 0.6484375 0.0125 0.0109375
3 0.240625 0.5546875 0.021875 0.0203125
0 0.725 0.4484375 0.0203125 0.0359375
3 0.4015625 0.496875 0.015625 0.0125
3 0.3859375 0.975 0.0171875 0.025
3 0.303125 0.803125 0.01875 0.01875
3 0.3546875 0.625 0.015625 0.0140625
0 0.7265625 0.734375 0.0578125 0.04375
0 0.8171875 0.28125 0.0171875 0.0265625
3 0.128125 0.8890625 0.0203125 0.015625
0 0.76875 0.428125 0.015625 0.025
3 0.446875 0.103125 0.01875 0.0234375
3 0.2453125 0.6984375 0.0125 0.0109375
0 0.325 0.2140625 0.0375 0.0421875
3 0.0796875 0.5359375 0.015625 0.01875
0 0.4078125 0.7109375 0.0328125 0.0203125
0 0.815625 0.39375 0.0125 0.0265625
3 0.8375 0.8265625 0.0125 0.0140625
3 0.8625 0.3015625 0.0140625 0.0140625
0 0.521875 0.728125 0.0265625 0.021875
3 0.684375 0.596875 0.0125 0.0125
3 0.096875 0.45625 0.0265625 0.0296875
3 0.328125 0.0296875 0.0171875 0.009375
3 0.35625 0.9796875 0.015625 0.0125
0 0.890625 0.753125 0.01875 0.015625
3 0.128125 0.240625 0.0234375 0.015625
3 0.28125 0.6921875 0.0125 0.0234375
0 0.3359375 0.4140625 0.0265625 0.0515625
0 0.740625 0.165625 0.0203125 0.021875
3 0.1140625 0.2828125 0.0140625 0.0109375
3 0.2515625 0.7859375 0.0125 0.0140625