3 0.65625 0.6046875 0.021875 0.015625
3 0.45625 0.734375 0.0125 0.015625
3 0.2640625 0.296875 0.0140625 0.0140625
3 0.634375 0.5015625 0.0109375 0.0109375
3 0.5453125 0.721875 0.01875 0.0203125
0 0.4453125 0.2625 0.034375 0.01875
3 0.490625 0.56875 0.0125 0.015625
3 0.94375 0.584375 0.0234375 0.0171875
3 0.78125 0.6625 0.0171875 0.01875
3 0.6125 0.6125 0.0140625 0.0140625
0 0.715625 0.2609375 0.0421875 0.05625
0 0.2859375 0.175 0.025 0.015625
3 0.8625 0.8296875 0.015625 0.0203125
0 0.425 0.221875 0.0234375 0.015625
3 0.1171875 0.5265625 0.021875 0.0171875
3 0.68125 0.7171875 0.0109375 0.0125
0 0.2234375 0.6421875 0.040625 0.0359375
3 0.528125 0.875 0.0171875 0.015625
0 0.69375 0.5640625 0.0203125 0.03125
0 0.3921875 0.1765625 0.025 0.0125
3 0.8046875 0.15625 0.0125 0.0125
3 0.3046875 0.13125 0.0140625 0.0125
0 0.709375 0.4546875 0.0203125 0.025
3 0.584375 0.3015625 0.0125 0.0125
3 0.453125 0.859375 0.028125 0.0265625
3 0.046875 0.6390625 0.009375 0.0171875
3 0.95 0.6125 0.0125 0.015625
0 0.7328125 0.1046875 0.0140625 0.01875
3 0.246875 0.828125 0.0140625 0.021875
3 0.675 0.6828125 0.021875 0.0109375
0 0.4109375 0.63125 0.0484375 0.0265625
0 0.1765625 0.2484375 0.0203125 0.01875
3 0.2875 0.8421875 0.0109375 0.0125
3 0.765625 0.7109375 0.0140625 0.0125