3 0.4265625 0.26875 0.0140625 0.0140625
3 0.490625 0.31875 0.0125 0.0109375
3 0.70625 0.375 0.0171875 0.015625
3 0.5484375 0.2859375 0.0125 0.0109375
0 0.1109375 0.425 0.0203125 0.0234375
3 0.35 0.76875 0.0125 0.0140625
3 0.5421875 0.6703125 0.0140625 0.0125
3 0.10625 0.0546875 0.0140625 0.0125
3 0.725 0.490625 0.015625 0.0125
0 0.428125 0.7078125 0.0265625 0.0328125
3 0.8265625 0.571875 0.0171875 0.0140625
0 0.1875 0.5484375 0.0203125 0.0265625
3 0.3671875 0.7203125 0.0109375 0.0125
3 0.3953125 0.8203125 0.0203125 0.015625
3 0.1109375 0.5859375 0.0140625 0.0140625
3 0.4078125 0.4125 0.0171875 0.021875
3 0.4734375 0.2765625 0.0265625 0.0125
3 0.478125 0.6921875 0.0171875 0.025
3 0.5703125 0.6078125 0.0171875 0.0234375
0 0.25625 0.2984375 0.021875 0.0375
3 0.9171875 0.2953125 0.0265625 0.0359375
0 0.8296875 0.246875 0.0390625 0.0421875
0 0.6609375 0.9359375 0.0328125 0.0375
3 0.903125 0.1046875 0.0265625 0.0296875
0 0.675 0.6296875 0.040625 0.04375
0 0.9640625 0.7234375 0.025 0.05625