3 0.6734375 0.428125 0.0140625 0.0125
3 0.6265625 0.4875 0.0109375 0.0109375
3 0.575 0.684375 0.0140625 0.015625
3 0.6578125 0.540625 0.0109375 0.0109375
0 0.5296875 0.1375 0.021875 0.01875
3 0.2125 0.3578125 0.0140625 0.0125
3 0.303125 0.534375 0.0125 0.0125
3 0.9734375 0.515625 0.0125 0.0109375
3 0.86875 0.1328125 0.0125 0.0140625
3 0.46875 0.7015625 0.0109375 0.0140625
0 0.26875 0.4296875 0.0296875 0.0234375
3 0.94375 0.646875 0.0140625 0.009375
3 0.39375 0.796875 0.0140625 0.015625
0 0.415625 0.209375 0.0234375 0.01875
3 0.2578125 0.3734375 0.0109375 0.0109375
3 0.165625 0.3984375 0.0140625 0.01875
3 0.38125 0.1375 0.0125 0.0125
3 0.540625 0.4109375 0.0203125 0.015625
3 0.665625 0.4703125 0.0125 0.025
3 0.2828125 0.475 0.0234375 0.0171875
3 0.3609375 0.5609375 0.0203125 0.015625
0 0.646875 0.271875 0.034375 0.0203125
3 0.6484375 0.8796875 0.0328125 0.025
0 0.6921875 0.8 0.0375 0.0359375
0 0.059375 0.64375 0.034375 0.0296875
3 0.8234375 0.8671875 0.028125 0.0234375
3 0.978125 0.5453125 0.009375 0.009375
0 0.340625 0.65625 0.0390625 0.0375
0 0.2546875 0.928125 0.053125 0.0328125