3 0.378125 0.2421875 0.0140625 0.015625
3 0.5265625 0.58125 0.0125 0.0140625
3 0.2671875 0.6890625 0.015625 0.01875
3 0.3203125 0.2375 0.015625 0.01875
3 0.8953125 0.5953125 0.015625 0.0125
3 0.090625 0.3109375 0.015625 0.0109375
3 0.9234375 0.4671875 0.0109375 0.0125
3 0.428125 0.5609375 0.0109375 0.0140625
3 0.7640625 0.33125 0.0109375 0.0125
3 0.83125 0.746875 0.0125 0.0140625
3 0.20625 0.259375 0.015625 0.0125
3 0.415625 0.4984375 0.009375 0.0109375
3 0.809375 0.084375 0.0125 0.0140625
3 0.4890625 0.1390625 0.015625 0.021875
0 0.2796875 0.3375 0.025 0.028125
3 0.9328125 0.496875 0.009375 0.009375
3 0.6875 0.4890625 0.009375 0.0125
3 0.6265625 0.4953125 0.0140625 0.0140625
3 0.66875 0.2328125 0.015625 0.015625
3 0.278125 0.521875 0.0171875 0.0125
0 0.3984375 0.125 0.025 0.021875
0 0.4921875 0.284375 0.0328125 0.0328125
3 0.540625 0.521875 0.0125 0.0109375
3 0.5515625 0.5921875 0.009375 0.0140625
0 0.3265625 0.109375 0.0203125 0.01875
3 0.34375 0.51875 0.01875 0.01875
3 0.6359375 0.6984375 0.0171875 0.0140625
3 0.096875 0.5546875 0.0234375 0.015625
3 0.3640625 0.178125 0.0203125 0.0171875
3 0.4890625 0.6921875 0.025 0.01875
3 0.584375 0.4515625 0.0109375 0.0109375
3 0.7203125 0.0890625 0.0125 0.0125
3 0.61875 0.1953125 0.0125 0.0140625
3 0.0265625 0.8625 0.009375 0.0125