3 0.3671875 0.2296875 0.0140625 0.015625
3 0.51875 0.5765625 0.0125 0.015625
3 0.253125 0.6875 0.015625 0.01875
3 0.3078125 0.225 0.015625 0.01875
3 0.896875 0.5921875 0.015625 0.0125
3 0.0734375 0.3 0.015625 0.0125
3 0.9265625 0.459375 0.0125 0.0125
3 0.41875 0.55625 0.0109375 0.0140625
3 0.7625 0.321875 0.0109375 0.0125
3 0.83125 0.7453125 0.0125 0.015625
3 0.1921875 0.246875 0.015625 0.0125
3 0.4046875 0.490625 0.009375 0.0109375
3 0.8078125 0.0671875 0.0125 0.0140625
3 0.48125 0.1234375 0.015625 0.021875
0 0.265625 0.3265625 0.025 0.028125
3 0.934375 0.490625 0.0109375 0.009375
3 0.6828125 0.4828125 0.009375 0.0125
3 0.621875 0.4890625 0.0140625 0.015625
3 0.6640625 0.2203125 0.015625 0.015625
3 0.265625 0.515625 0.0171875 0.0125
0 0.3875 0.109375 0.0265625 0.021875
0 0.484375 0.2734375 0.0328125 0.034375
3 0.534375 0.5171875 0.0140625 0.0109375
3 0.5453125 0.5875 0.009375 0.0140625
0 0.3140625 0.09375 0.0203125 0.01875
3 0.33125 0.5125 0.0203125 0.01875
3 0.63125 0.696875 0.0171875 0.0140625
3 0.0796875 0.55 0.025 0.015625
3 0.353125 0.1625 0.0203125 0.0171875
3 0.4796875 0.6890625 0.0265625 0.01875
3 0.578125 0.44375 0.0109375 0.0109375
3 0.7171875 0.071875 0.0125 0.0140625
3 0.6140625 0.18125 0.0125 0.0140625
3 0.00625 0.865625 0.009375 0.0140625