3 0.26875 0.3859375 0.015625 0.0140625
3 0.559375 0.478125 0.0125 0.0109375
0 0.63125 0.5515625 0.040625 0.0296875
3 0.6203125 0.7953125 0.0140625 0.015625
0 0.33125 0.8671875 0.04375 0.0375
3 0.3984375 0.275 0.0140625 0.0125
3 0.2453125 0.9109375 0.0140625 0.015625
3 0.3375 0.48125 0.0265625 0.0265625
3 0.540625 0.7109375 0.0140625 0.0109375
3 0.1265625 0.5796875 0.0125 0.0140625
0 0.05625 0.55625 0.0484375 0.0453125
0 0.503125 0.8765625 0.0203125 0.0265625
3 0.321875 0.5234375 0.015625 0.0140625
3 0.6625 0.2625 0.0171875 0.0140625
0 0.5171875 0.596875 0.028125 0.015625
3 0.665625 0.028125 0.01875 0.0171875
3 0.353125 0.5609375 0.01875 0.0125
0 0.9578125 0.5140625 0.0359375 0.0515625
3 0.2984375 0.2203125 0.0296875 0.0390625
3 0.85625 0.1046875 0.0140625 0.0125
0 0.7328125 0.2640625 0.01875 0.025
3 0.928125 0.1125 0.0125 0.0140625
3 0.5890625 0.775 0.015625 0.0140625
0 0.4203125 0.675 0.04375 0.05625
3 0.384375 0.190625 0.0140625 0.0109375
0 0.465625 0.1984375 0.0453125 0.0296875
3 0.1421875 0.0703125 0.015625 0.0171875
3 0.834375 0.6171875 0.01875 0.01875
0 0.2078125 0.64375 0.0375 0.0421875
3 0.79375 0.15 0.0125 0.0125
3 0.4390625 0.859375 0.015625 0.015625
3 0.5109375 0.303125 0.0125 0.0125
3 0.7234375 0.35625 0.021875 0.025
3 0.0734375 0.0296875 0.0125 0.0109375
3 0.115625 0.0203125 0.0203125 0.0125
3 0.865625 0.428125 0.0171875 0.0203125
3 0.9546875 0.2234375 0.0125 0.0125
0 0.0546875 0.3359375 0.034375 0.0296875