3 0.6390625 0.684375 0.0125 0.0140625
3 0.553125 0.4171875 0.0109375 0.0125
0 0.4859375 0.35 0.0265625 0.0375
3 0.2609375 0.3609375 0.0140625 0.0140625
0 0.1953125 0.6265625 0.034375 0.040625
3 0.7390625 0.5640625 0.0125 0.0125
3 0.1546875 0.7046875 0.0140625 0.0125
3 0.55 0.6203125 0.025 0.025
3 0.0078125 0.5078125 0.0140625 0.0125
3 0.3390625 0.4328125 0.009375 0.0140625
3 0.459375 0.8140625 0.0125 0.0125
0 0.48125 0.878125 0.0421875 0.04375
0 0.1859375 0.4671875 0.025 0.01875
3 0.5109375 0.634375 0.0125 0.0140625
3 0.7515625 0.3203125 0.0140625 0.015625
0 0.44375 0.4546875 0.0140625 0.025
3 0.9671875 0.31875 0.015625 0.0171875
3 0.4765625 0.60625 0.0125 0.0171875
0 0.5203125 0.0453125 0.0484375 0.04375
3 0.790625 0.65625 0.0359375 0.0265625
3 0.8953125 0.14375 0.0125 0.0125
0 0.75 0.25625 0.0234375 0.0171875
3 0.8890625 0.0765625 0.0125 0.0109375
3 0.2796875 0.3890625 0.0140625 0.0140625
0 0.371875 0.54375 0.0515625 0.040625
3 0.8171875 0.5765625 0.0109375 0.0140625
0 0.8109375 0.503125 0.0265625 0.0421875
3 0.928125 0.8 0.015625 0.0140625
3 0.425 0.1640625 0.0171875 0.0171875
0 0.4015625 0.7390625 0.0375 0.0359375
3 0.684375 0.9375 0.0203125 0.01875
3 0.8546875 0.2 0.0109375 0.0125
3 0.203125 0.5265625 0.0140625 0.0140625
3 0.065625 0.7 0.0109375 0.015625
3 0.7140625 0.4609375 0.0109375 0.0125
3 0.665625 0.265625 0.021875 0.0203125
3 0.965625 0.8640625 0.0109375 0.0109375
3 0.9734375 0.825 0.0109375 0.01875
3 0.5984375 0.134375 0.01875 0.015625
3 0.7875 0.053125 0.0125 0.0109375
0 0.6828125 0.88125 0.0265625 0.03125
3 0.99609375 0.7703125 0.0078125 0.0125