3 0.5015625 0.3046875 0.01875 0.015625
3 0.034375 0.4796875 0.0109375 0.0125
3 0.3921875 0.453125 0.0109375 0.0125
3 0.84375 0.6953125 0.01875 0.01875
3 0.628125 0.634375 0.0171875 0.0171875
3 0.0921875 0.6828125 0.0125 0.015625
3 0.878125 0.38125 0.021875 0.0203125
3 0.1484375 0.0734375 0.0140625 0.015625
3 0.45 0.078125 0.01875 0.01875
3 0.659375 0.0859375 0.0125 0.0140625
3 0.0234375 0.5078125 0.009375 0.009375
3 0.5328125 0.403125 0.0171875 0.015625
3 0.6890625 0.2734375 0.009375 0.0109375
0 0.8328125 0.1359375 0.028125 0.03125
0 0.615625 0.503125 0.0328125 0.0453125
3 0.521875 0.8015625 0.015625 0.015625
0 0.8078125 0.459375 0.040625 0.0453125
3 0.74375 0.2546875 0.0140625 0.0140625
3 0.6453125 0.7625 0.0203125 0.0203125
3 0.9171875 0.3890625 0.0234375 0.021875
3 0.2390625 0.728125 0.0171875 0.021875
3 0.4203125 0.6078125 0.01875 0.021875
3 0.94375 0.5734375 0.0109375 0.0109375
0 0.6234375 0.1609375 0.0234375 0.0203125