3 0.484375 0.3421875 0.0171875 0.0140625
3 0.925 0.5046875 0.0109375 0.0109375
3 0.5875 0.48125 0.0109375 0.0125
3 0.1640625 0.709375 0.0171875 0.0171875
3 0.3671875 0.6515625 0.015625 0.0171875
3 0.8703125 0.696875 0.0125 0.015625
3 0.13125 0.4140625 0.021875 0.01875
3 0.81875 0.1234375 0.0125 0.0140625
3 0.5328125 0.128125 0.01875 0.0171875
0 0.5921875 0.05625 0.0296875 0.0171875
3 0.3359375 0.134375 0.0125 0.0125
3 0.9359375 0.53125 0.009375 0.0078125
3 0.45625 0.434375 0.0171875 0.015625
3 0.3078125 0.3109375 0.009375 0.0109375
0 0.1734375 0.1828125 0.0265625 0.0296875
0 0.378125 0.528125 0.03125 0.0421875
3 0.465625 0.809375 0.0140625 0.015625
0 0.196875 0.4875 0.0375 0.0421875
3 0.2578125 0.29375 0.0140625 0.0125
3 0.35 0.771875 0.01875 0.01875
3 0.09375 0.421875 0.021875 0.021875
3 0.7328125 0.740625 0.015625 0.0203125
3 0.5609375 0.6265625 0.0171875 0.0203125
3 0.06875 0.59375 0.0109375 0.0109375
0 0.3703125 0.2046875 0.021875 0.01875