0 0.74375 0.8546875 0.0265625 0.0296875
3 0.5078125 0.6171875 0.0109375 0.0109375
3 0.5296875 0.5453125 0.0109375 0.0125
3 0.4140625 0.1953125 0.015625 0.0125
0 0.7109375 0.865625 0.028125 0.021875
3 0.3453125 0.53125 0.0171875 0.0125
0 0.6921875 0.6921875 0.0328125 0.028125
3 0.2703125 0.9 0.0140625 0.009375
0 0.7890625 0.4015625 0.0171875 0.0234375
3 0.85625 0.5296875 0.0140625 0.0125
0 0.765625 0.10625 0.0328125 0.025
3 0.6125 0.2015625 0.0109375 0.0109375
3 0.865625 0.8625 0.0125 0.0125
0 0.3390625 0.275 0.0265625 0.01875
3 0.60625 0.903125 0.0140625 0.0109375
0 0.4453125 0.79375 0.0421875 0.028125
0 0.715625 0.74375 0.0234375 0.025
3 0.846875 0.4328125 0.0140625 0.0125
3 0.5296875 0.065625 0.0125 0.009375
3 0.571875 0.065625 0.015625 0.0125
3 0.6984375 0.425 0.0140625 0.0125
0 0.4203125 0.053125 0.0375 0.05
3 0.5328125 0.1546875 0.0203125 0.0171875
3 0.028125 0.015625 0.0109375 0.0140625
3 0.8625 0.3671875 0.0125 0.0125
0 0.8828125 0.378125 0.015625 0.025
3 0.6984375 0.9734375 0.009375 0.0109375
3 0.4203125 0.3875 0.0109375 0.009375
3 0.3375 0.3140625 0.0171875 0.0203125
3 0.3609375 0.028125 0.015625 0.009375
0 0.2515625 0.1171875 0.025 0.03125
3 0.4625 0.446875 0.0109375 0.009375
0 0.4703125 0.4953125 0.0296875 0.015625