0 0.8515625 0.2546875 0.0296875 0.0265625
3 0.615625 0.4875 0.0109375 0.0109375
3 0.546875 0.465625 0.0125 0.0109375
3 0.2 0.58125 0.0125 0.0140625
0 0.8625 0.2875 0.021875 0.0265625
3 0.5328125 0.6484375 0.0125 0.0171875
0 0.690625 0.30625 0.028125 0.03125
3 0.896875 0.7234375 0.009375 0.0140625
0 0.4046875 0.209375 0.0234375 0.0171875
3 0.5296875 0.14375 0.0125 0.0140625
0 0.1125 0.2328125 0.025 0.0328125
3 0.20625 0.384375 0.0109375 0.0109375
3 0.8578125 0.134375 0.0109375 0.0125
0 0.2796875 0.6546875 0.01875 0.0265625
3 0.8984375 0.390625 0.0109375 0.0140625
0 0.790625 0.55 0.028125 0.0421875
0 0.7421875 0.2828125 0.025 0.0234375
3 0.434375 0.153125 0.0125 0.0140625
3 0.071875 0.4671875 0.009375 0.0125
3 0.071875 0.425 0.0125 0.015625
3 0.4265625 0.3 0.0125 0.0140625
0 0.059375 0.575 0.0484375 0.0359375
3 0.159375 0.4625 0.0171875 0.01875
3 0.0234375 0.9640625 0.015625 0.015625
3 0.3703125 0.1375 0.0125 0.0109375
0 0.3796875 0.11875 0.025 0.015625
3 0.96875 0.3 0.0109375 0.009375
3 0.390625 0.5734375 0.009375 0.0109375
3 0.3171875 0.65625 0.01875 0.015625
3 0.034375 0.634375 0.009375 0.015625
0 0.121875 0.740625 0.03125 0.0234375
3 0.4484375 0.5328125 0.009375 0.0109375
0 0.4953125 0.525 0.015625 0.0296875