3 0.5078125 0.365625 0.0125 0.0125
0 0.21875 0.5890625 0.0203125 0.025
3 0.6578125 0.7765625 0.0140625 0.015625
0 0.3296875 0.7796875 0.0453125 0.0328125
0 0.1328125 0.784375 0.025 0.021875
0 0.2640625 0.121875 0.0359375 0.0359375
0 0.278125 0.6203125 0.0390625 0.028125
0 0.490625 0.6546875 0.0234375 0.021875
3 0.665625 0.3734375 0.0140625 0.015625
3 0.75625 0.0703125 0.0140625 0.0109375
3 0.7234375 0.3625 0.0171875 0.021875
3 0.14375 0.6234375 0.0140625 0.0140625
3 0.7421875 0.3109375 0.0140625 0.0171875
3 0.5375 0.909375 0.01875 0.015625
3 0.2953125 0.4 0.0203125 0.0171875
3 0.1390625 0.1140625 0.0140625 0.0140625
3 0.8140625 0.971875 0.0125 0.0125
3 0.8734375 0.7234375 0.0109375 0.0109375
0 0.471875 0.184375 0.0390625 0.0296875
0 0.5859375 0.471875 0.03125 0.025
3 0.8 0.7453125 0.015625 0.0140625
3 0.203125 0.4078125 0.01875 0.0109375
3 0.4484375 0.2078125 0.0171875 0.0171875
0 0.6421875 0.5796875 0.0359375 0.053125
0 0.5984375 0.2828125 0.040625 0.0625