3 0.609375 0.4953125 0.0109375 0.0125
0 0.396875 0.2203125 0.0234375 0.0203125
3 0.21875 0.6375 0.0140625 0.0140625
0 0.2140625 0.325 0.03125 0.04375
0 0.2109375 0.1375 0.0203125 0.0234375
0 0.840625 0.2625 0.034375 0.034375
0 0.3671875 0.2765625 0.0265625 0.0375
0 0.334375 0.4796875 0.021875 0.0234375
3 0.6015625 0.6453125 0.0140625 0.0140625
3 0.8890625 0.7328125 0.0109375 0.0140625
3 0.6125 0.7 0.0203125 0.0171875
3 0.3640625 0.1484375 0.0125 0.0125
3 0.6625 0.7171875 0.0171875 0.0140625
3 0.090625 0.521875 0.015625 0.0171875
3 0.5765625 0.2921875 0.015625 0.01875
3 0.8484375 0.14375 0.0125 0.0125
3 0.0328125 0.7859375 0.0109375 0.0125
3 0.26875 0.8421875 0.0109375 0.0109375
0 0.78125 0.4609375 0.028125 0.0375
0 0.5078125 0.5703125 0.0234375 0.0296875
3 0.2484375 0.7734375 0.0125 0.0140625
3 0.56875 0.2046875 0.0109375 0.0171875
3 0.759375 0.4390625 0.0171875 0.0171875
0 0.40625 0.6234375 0.05 0.0328125
0 0.6890625 0.58125 0.059375 0.0390625