3 0.5859375 0.4984375 0.0109375 0.0125
0 0.7640625 0.6234375 0.034375 0.028125
3 0.559375 0.415625 0.025 0.028125
3 0.078125 0.646875 0.0171875 0.021875
3 0.6234375 0.25625 0.0140625 0.0140625
0 0.371875 0.225 0.0234375 0.01875
0 0.08125 0.771875 0.0375 0.025
3 0.259375 0.1953125 0.0140625 0.0171875
0 0.6515625 0.5453125 0.0328125 0.03125
3 0.40625 0.5328125 0.0203125 0.01875
0 0.3640625 0.1703125 0.0203125 0.0140625
3 0.859375 0.740625 0.0140625 0.0109375
3 0.9359375 0.5484375 0.009375 0.0078125
3 0.6890625 0.334375 0.0140625 0.015625
3 0.403125 0.4453125 0.01875 0.01875
3 0.8203125 0.146875 0.0125 0.0125
0 0.83125 0.4890625 0.01875 0.034375
3 0.275 0.7640625 0.0296875 0.034375
0 0.4140625 0.7484375 0.0265625 0.0203125
3 0.8703125 0.4109375 0.0109375 0.0140625
0 0.515625 0.7375 0.0375 0.04375
3 0.6453125 0.8609375 0.01875 0.0203125
3 0.015625 0.534375 0.015625 0.0203125
3 0.3703125 0.9046875 0.025 0.028125
3 0.965625 0.553125 0.0078125 0.009375