3 0.55 0.5015625 0.0125 0.0140625
0 0.75 0.640625 0.0375 0.03125
3 0.5203125 0.4078125 0.028125 0.03125
3 0.5921875 0.2296875 0.0171875 0.015625
0 0.309375 0.19375 0.025 0.021875
3 0.1828125 0.1609375 0.015625 0.01875
0 0.6234375 0.553125 0.0359375 0.034375
3 0.3484375 0.540625 0.0234375 0.0203125
0 0.3 0.1328125 0.021875 0.015625
3 0.85625 0.7734375 0.015625 0.0125
3 0.9421875 0.55625 0.0109375 0.009375
3 0.665625 0.3171875 0.015625 0.0171875
3 0.3453125 0.440625 0.0203125 0.021875
3 0.8125 0.10625 0.0140625 0.0140625
0 0.825 0.4890625 0.021875 0.0390625
3 0.2 0.7984375 0.0328125 0.0390625
0 0.3578125 0.78125 0.0296875 0.0234375
3 0.86875 0.4015625 0.0109375 0.015625
0 0.471875 0.76875 0.0421875 0.0484375
3 0.615625 0.9078125 0.0203125 0.021875
3 0.30625 0.95625 0.028125 0.03125
3 0.975 0.5609375 0.009375 0.0109375