3 0.6859375 0.3921875 0.0125 0.0140625
3 0.6453125 0.4390625 0.0109375 0.0109375
3 0.5671875 0.396875 0.0140625 0.0125
0 0.29375 0.325 0.0234375 0.0234375
3 0.2890625 0.428125 0.009375 0.0109375
0 0.4359375 0.15625 0.0234375 0.01875
0 0.7046875 0.584375 0.03125 0.028125
3 0.08125 0.5796875 0.0171875 0.0140625
3 0.228125 0.6 0.01875 0.0125
0 0.8296875 0.321875 0.01875 0.015625
3 0.75625 0.2171875 0.0140625 0.009375
3 0.3453125 0.546875 0.0109375 0.0140625
3 0.8953125 0.075 0.0109375 0.0140625
3 0.48125 0.478125 0.009375 0.0109375
0 0.5203125 0.5921875 0.034375 0.034375
3 0.078125 0.7390625 0.0125 0.0125
3 0.1765625 0.7234375 0.01875 0.0171875
0 0.75625 0.30625 0.0484375 0.025
3 0.4015625 0.0859375 0.0125 0.0125
3 0.9640625 0.5640625 0.0109375 0.0125
3 0.15 0.875 0.015625 0.01875
0 0.609375 0.54375 0.03125 0.0328125
0 0.49375 0.0296875 0.0375 0.0125
3 0.1203125 0.9609375 0.0109375 0.0125
3 0.2046875 0.7359375 0.0140625 0.0140625
0 0.26875 0.26875 0.0125 0.021875
3 0.259375 0.228125 0.009375 0.0109375
0 0.0734375 0.4140625 0.0171875 0.021875
3 0.0671875 0.578125 0.009375 0.0140625
0 0.7171875 0.7234375 0.025 0.0265625