3 0.6859375 0.5765625 0.0125 0.015625
3 0.640625 0.525 0.0109375 0.0125
3 0.5546875 0.571875 0.015625 0.0140625
0 0.25 0.653125 0.025 0.025
3 0.24375 0.5375 0.0109375 0.0125
0 0.4078125 0.840625 0.0265625 0.0203125
0 0.7078125 0.3640625 0.0359375 0.03125
3 0.0140625 0.3703125 0.0203125 0.015625
3 0.1765625 0.346875 0.0203125 0.0140625
0 0.846875 0.65625 0.021875 0.0171875
3 0.7640625 0.7734375 0.0140625 0.0109375
3 0.30625 0.4046875 0.0125 0.015625
3 0.9203125 0.93125 0.0125 0.015625
3 0.4578125 0.4828125 0.009375 0.0109375
0 0.5015625 0.3546875 0.0390625 0.0375
3 0.009375 0.19375 0.0140625 0.0140625
3 0.11875 0.209375 0.0203125 0.0203125
0 0.7640625 0.6734375 0.053125 0.028125
3 0.3703125 0.91875 0.0140625 0.0140625
3 0.9953125 0.3875 0.009375 0.0125
3 0.0890625 0.0421875 0.0171875 0.0203125
0 0.6 0.409375 0.034375 0.0359375
3 0.15 0.1953125 0.015625 0.015625
0 0.221875 0.715625 0.0140625 0.025
3 0.2109375 0.7609375 0.0109375 0.0125
0 0.00625 0.55390625 0.0125 0.0234375
0 0.721875 0.2109375 0.028125 0.0296875