3 0.403125 0.4546875 0.015625 0.0171875
3 0.625 0.503125 0.0109375 0.0125
3 0.3984375 0.7015625 0.0171875 0.0140625
3 0.4234375 0.3734375 0.0140625 0.0171875
3 0.5578125 0.6796875 0.015625 0.0171875
3 0.2125 0.2625 0.015625 0.0125
3 0.8890625 0.1 0.0140625 0.015625
0 0.896875 0.7 0.0453125 0.05625
0 0.08125 0.5734375 0.034375 0.0390625
0 0.821875 0.7125 0.01875 0.0328125
3 0.365625 0.80625 0.0140625 0.0109375
3 0.25 0.74375 0.0109375 0.0125
0 0.9609375 0.6828125 0.0203125 0.03125
0 0.3453125 0.615625 0.025 0.0265625
3 0.690625 0.7453125 0.0109375 0.0140625
0 0.3890625 0.19375 0.0265625 0.0203125
3 0.6640625 0.4265625 0.0125 0.015625
3 0.45625 0.825 0.0140625 0.0125
3 0.6703125 0.640625 0.0125 0.01875
3 0.9453125 0.2734375 0.0109375 0.0109375
0 0.7984375 0.4375 0.0390625 0.0328125