3 0.4015625 0.4234375 0.0140625 0.015625
3 0.6015625 0.465625 0.009375 0.0109375
3 0.396875 0.6453125 0.015625 0.0125
3 0.4203125 0.3484375 0.0125 0.015625
3 0.540625 0.6265625 0.0140625 0.015625
3 0.2296875 0.25 0.0140625 0.0109375
3 0.95 0.51875 0.0109375 0.009375
3 0.8390625 0.103125 0.0125 0.0140625
0 0.846875 0.64375 0.040625 0.05
0 0.1109375 0.5296875 0.03125 0.0359375
0 0.7796875 0.65625 0.0171875 0.0296875
3 0.3671875 0.740625 0.0125 0.009375
3 0.2625 0.684375 0.009375 0.0109375
0 0.9046875 0.628125 0.01875 0.028125
0 0.3484375 0.56875 0.0234375 0.0234375
3 0.6609375 0.684375 0.009375 0.0125
0 0.3890625 0.1875 0.0234375 0.0171875
3 0.6359375 0.3984375 0.0109375 0.0140625
3 0.4484375 0.7578125 0.0125 0.0109375
3 0.6421875 0.590625 0.0125 0.0171875
3 0.8890625 0.259375 0.0109375 0.009375
0 0.7578125 0.4078125 0.0359375 0.0296875