3 0.4109375 0.3 0.015625 0.015625
3 0.4828125 0.525 0.0140625 0.0140625
3 0.3625 0.1765625 0.015625 0.0140625
3 0.5328125 0.5328125 0.01875 0.0171875
3 0.2859375 0.8875 0.01875 0.0171875
3 0.7109375 0.5828125 0.01875 0.015625
3 0.684375 0.040625 0.01875 0.0171875
3 0.465625 0.7609375 0.0140625 0.0140625
3 0.3625 0.55 0.0125 0.0125
3 0.603125 0.10625 0.01875 0.0125
3 0.2078125 0.6859375 0.015625 0.0140625
3 0.6375 0.378125 0.0140625 0.0125
0 0.3390625 0.865625 0.034375 0.034375
3 0.4828125 0.2265625 0.0203125 0.0140625
3 0.8765625 0.4296875 0.015625 0.01875
0 0.8328125 0.6953125 0.0296875 0.034375
3 0.203125 0.43125 0.028125 0.01875
3 0.390625 0.8171875 0.0171875 0.015625
3 0.09375 0.725 0.0140625 0.0140625
3 0.86875 0.11875 0.0140625 0.0125
3 0.2015625 0.009375 0.0125 0.0140625
0 0.5296875 0.5765625 0.025 0.0234375
3 0.334375 0.5859375 0.0140625 0.0125
3 0.596875 0.725 0.0140625 0.0234375
3 0.478125 0.6359375 0.0140625 0.0125
3 0.2359375 0.3859375 0.0140625 0.0140625
3 0.21875 0.4828125 0.0171875 0.0171875
0 0.546875 0.0734375 0.034375 0.0546875
3 0.471875 0.125 0.0234375 0.0234375
3 0.1453125 0.0296875 0.0203125 0.0125
3 0.5 0.778125 0.0109375 0.0109375
0 0.5515625 0.8078125 0.021875 0.0203125
3 0.103125 0.0375 0.0109375 0.0109375
3 0.8046875 0.171875 0.015625 0.0109375
3 0.4109375 0.471875 0.015625 0.015625
3 0.5671875 0.05 0.0140625 0.0125
3 0.171875 0.078125 0.015625 0.01875
3 0.9421875 0.6125 0.0171875 0.0109375
0 0.2203125 0.325 0.05 0.0453125
0 0.05 0.875 0.0546875 0.096875
0 0.34375 0.9484375 0.0453125 0.0578125
3 0.203125 0.2078125 0.0359375 0.040625
3 0.0578125 0.9890625 0.0265625 0.021875