3 0.6984375 0.5609375 0.0140625 0.015625
3 0.4859375 0.49375 0.0125 0.0125
3 0.815625 0.60625 0.0140625 0.015625
3 0.478125 0.4453125 0.015625 0.0171875
3 0.1453125 0.6796875 0.015625 0.01875
3 0.43125 0.2796875 0.015625 0.0171875
3 0.9421875 0.3046875 0.015625 0.0171875
3 0.2640625 0.509375 0.0125 0.0125
3 0.4625 0.60625 0.0109375 0.0109375
3 0.8796875 0.3796875 0.0125 0.0171875
3 0.334375 0.7515625 0.0125 0.015625
3 0.625 0.3484375 0.0125 0.0140625
3 0.03125 0.5671875 0.0140625 0.01875
0 0.165625 0.6296875 0.0328125 0.0328125
3 0.7671875 0.49375 0.0140625 0.01875
3 0.575 0.1234375 0.0171875 0.015625
0 0.325 0.1640625 0.0328125 0.028125
3 0.575 0.75625 0.0171875 0.0265625
3 0.2109375 0.5796875 0.0140625 0.015625
3 0.2984375 0.859375 0.0140625 0.0125
3 0.86875 0.1296875 0.0125 0.0140625
3 0.9703125 0.7578125 0.0125 0.0125
0 0.4375 0.45 0.021875 0.0234375
3 0.4296875 0.634375 0.0125 0.0125
3 0.2984375 0.3859375 0.021875 0.0140625
3 0.3828125 0.496875 0.0109375 0.0125
3 0.6171875 0.7265625 0.0125 0.0125
3 0.5265625 0.7421875 0.015625 0.0171875
0 0.9125 0.4328125 0.0515625 0.0328125
3 0.8640625 0.503125 0.021875 0.0234375
3 0.953125 0.8109375 0.0125 0.0203125
3 0.2484375 0.4765625 0.0109375 0.0109375
0 0.21875 0.428125 0.0203125 0.0203125
3 0.9453125 0.8515625 0.009375 0.009375
3 0.81875 0.190625 0.0109375 0.0140625
3 0.5375 0.5609375 0.015625 0.015625
3 0.9328125 0.4140625 0.0125 0.0125
3 0.9078125 0.7859375 0.0171875 0.0140625
3 0.403125 0.0609375 0.0109375 0.015625
0 0.675 0.7390625 0.0421875 0.046875
0 0.1578125 0.9171875 0.090625 0.084375
0 0.0875 0.6234375 0.0546875 0.0421875
3 0.784375 0.75625 0.0390625 0.034375
3 0.05 0.89375 0.025 0.0265625