0 0.3359375 0.70625 0.065625 0.065625
3 0.28125 0.5453125 0.0109375 0.0140625
0 0.6828125 0.584375 0.040625 0.0328125
3 0.0875 0.3484375 0.01875 0.015625
0 0.5921875 0.365625 0.0421875 0.053125
0 0.48125 0.7171875 0.0578125 0.0375
0 0.5359375 0.040625 0.03125 0.0296875
0 0.590625 0.71875 0.04375 0.025
0 0.3125 0.878125 0.128125 0.0859375
3 0.4515625 0.465625 0.0109375 0.0109375
0 0.278125 0.2265625 0.10625 0.071875
3 0.978125 0.65625 0.0140625 0.015625
0 0.1578125 0.803125 0.03125 0.0390625
0 0.5703125 0.821875 0.0421875 0.0296875
3 0.1171875 0.4640625 0.015625 0.0171875
0 0.1390625 0.4109375 0.0375 0.0234375
3 0.515625 0.2390625 0.0109375 0.0125
3 0.5109375 0.1875 0.009375 0.0140625
0 0.390625 0.5921875 0.0234375 0.0265625
0 0.275 0.853125 0.0515625 0.0375
3 0.9859375 0.1984375 0.015625 0.015625
0 0.1453125 0.559375 0.01875 0.0265625
0 0.3421875 0.14375 0.071875 0.1046875
3 0.378125 0.4828125 0.025 0.053125
3 0.371875 0.4984375 0.0125 0.021875
3 0.003125 0.4734375 0.00625 0.009375
3 0.1921875 0.7015625 0.0140625 0.0140625
3 0.75 0.6640625 0.0171875 0.0203125
3 0.140625 0.028125 0.015625 0.009375
3 0.23125 0.190625 0.01875 0.0171875
0 0.440625 0.79375 0.028125 0.01875
3 0.2203125 0.265625 0.01875 0.0203125
0 0.103125 0.55625 0.021875 0.0296875
3 0.85625 0.8296875 0.0125 0.01875
3 0.0078125 0.325 0.0109375 0.01875
3 0.83125 0.25 0.0109375 0.0171875
0 0.7734375 0.434375 0.040625 0.06875
0 0.9953125 0.4046875 0.009375 0.0109375