0 0.3140625 0.434375 0.0640625 0.0828125
0 0.253125 0.5375 0.0828125 0.0609375
0 0.225 0.728125 0.059375 0.0765625
0 0.3453125 0.790625 0.0375 0.03125
0 0.5890625 0.0515625 0.0375 0.05625
0 0.75625 0.5578125 0.05625 0.0671875
0 0.3859375 0.859375 0.0265625 0.025
0 0.53125 0.6859375 0.034375 0.0375
0 0.59375 0.60625 0.05625 0.05625
0 0.2015625 0.6015625 0.025 0.021875
0 0.725 0.3171875 0.0328125 0.0421875
0 0.2375 0.3703125 0.0515625 0.0328125
0 0.2859375 0.3296875 0.0328125 0.021875
0 0.5796875 0.421875 0.0296875 0.021875
0 0.4921875 0.4953125 0.034375 0.021875
0 0.884375 0.81875 0.0296875 0.0296875
0 0.365625 0.575 0.0515625 0.040625
0 0.821875 0.71875 0.0296875 0.0578125
0 0.0109375 0.1390625 0.021875 0.0546875
0 0.434375 0.0328125 0.0484375 0.0171875
0 0.2 0.8796875 0.0359375 0.0546875
0 0.115625 0.9453125 0.0234375 0.0296875
0 0.60625 0.590625 0.03125 0.0265625
0 0.0578125 0.64375 0.0125 0.015625
0 0.7328125 0.415625 0.0265625 0.025
0 0.3734375 0.5125 0.015625 0.0171875
0 0.590625 0.5078125 0.0125 0.0140625
0 0.5046875 0.9296875 0.01875 0.0171875
0 0.684375 0.828125 0.0359375 0.0359375
0 0.575 0.8125 0.109375 0.065625
0 0.8515625 0.9609375 0.053125 0.034375
0 0.7171875 0.8546875 0.0234375 0.0328125