0 0.3125 0.18125 0.0234375 0.025
0 0.33125 0.765625 0.0546875 0.0484375
0 0.4859375 0.58125 0.0359375 0.0390625
0 0.7703125 0.88125 0.05625 0.0390625
0 0.5125 0.3484375 0.0359375 0.0421875
0 0.390625 0.1296875 0.0328125 0.028125
0 0.43125 0.01875 0.05625 0.0375
0 0.2453125 0.11875 0.0515625 0.03125
0 0.3046875 0.9375 0.071875 0.059375
0 0.921875 0.5 0.046875 0.0515625
0 0.559375 0.5109375 0.040625 0.0296875
3 0.6234375 0.2296875 0.0140625 0.0140625
0 0.890625 0.359375 0.04375 0.0546875
3 0.2796875 0.5765625 0.0109375 0.0109375
0 0.1203125 0.19375 0.0640625 0.10625
0 0.5265625 0.190625 0.01875 0.01875
0 0.5890625 0.865625 0.0328125 0.040625
0 0.425 0.4609375 0.0265625 0.0296875
0 0.5046875 0.1140625 0.0171875 0.021875
3 0.09375 0.3375 0.0125 0.0109375
0 0.85 0.5328125 0.0375 0.0484375
3 0.1234375 0.6203125 0.0390625 0.03125
3 0.45625 0.240625 0.0171875 0.01875
3 0.734375 0.575 0.01875 0.0125
3 0.4375 0.1625 0.0234375 0.0171875