0 0.3609375 0.328125 0.0609375 0.059375
3 0.3109375 0.478125 0.009375 0.0125
0 0.6796875 0.4421875 0.0375 0.0296875
3 0.1328125 0.6578125 0.0171875 0.0140625
0 0.596875 0.64375 0.0390625 0.05
0 0.49375 0.3203125 0.053125 0.034375
0 0.5453125 0.940625 0.028125 0.0265625
0 0.5953125 0.3171875 0.0390625 0.0234375
0 0.3390625 0.171875 0.1171875 0.0796875
3 0.4671875 0.5515625 0.009375 0.0109375
0 0.30625 0.7703125 0.0984375 0.0671875
3 0.9515625 0.375 0.0125 0.0140625
0 0.196875 0.240625 0.028125 0.0359375
0 0.5765625 0.221875 0.0375 0.028125
0 0.384375 0.0359375 0.071875 0.0265625
3 0.159375 0.5515625 0.0140625 0.015625
0 0.1796875 0.6 0.034375 0.021875
3 0.525 0.759375 0.0109375 0.0109375
3 0.521875 0.80625 0.009375 0.0140625
0 0.4109375 0.4328125 0.021875 0.025
0 0.9875 0.31875 0.021875 0.021875
0 0.3046875 0.19375 0.046875 0.034375
3 0.959375 0.796875 0.0140625 0.0140625
0 0.03125 0.734375 0.025 0.0171875
0 0.184375 0.4640625 0.0171875 0.0234375
0 0.3671875 0.8453125 0.065625 0.096875
3 0.3984375 0.534375 0.0234375 0.0484375
3 0.39375 0.5203125 0.0125 0.0203125
3 0.0515625 0.54375 0.0109375 0.0109375
0 0.2140625 0.03125 0.0265625 0.015625
3 0.228125 0.334375 0.0125 0.0140625
3 0.7421875 0.36875 0.015625 0.01875
3 0.1828125 0.95625 0.015625 0.0140625
3 0.2640625 0.803125 0.0171875 0.015625
0 0.4578125 0.2484375 0.0265625 0.0171875
3 0.253125 0.734375 0.0171875 0.01875
0 0.146875 0.4671875 0.0203125 0.028125
3 0.8390625 0.2140625 0.0125 0.0171875
3 0.0578125 0.6796875 0.009375 0.0171875
3 0.8171875 0.75 0.009375 0.0171875
0 0.7625 0.5796875 0.0375 0.0640625
0 0.9734375 0.60625 0.0203125 0.0125