0 0.38125 0.5921875 0.0515625 0.05625
0 0.7875 0.53125 0.0390625 0.0375
0 0.78125 0.9734375 0.05 0.053125
0 0.7953125 0.7046875 0.021875 0.0265625
0 0.6140625 0.4390625 0.0234375 0.03125
0 0.440625 0.9140625 0.03125 0.034375
0 0.759375 0.7890625 0.053125 0.0484375
0 0.209375 0.528125 0.0484375 0.0484375
0 0.15 0.6546875 0.0375 0.05
0 0.371875 0.7203125 0.028125 0.025
0 0.2796875 0.628125 0.053125 0.1234375
0 0.934375 0.7328125 0.078125 0.071875
0 0.3984375 0.675 0.0609375 0.034375
0 0.2765625 0.7296875 0.0421875 0.040625
3 0.646875 0.6765625 0.0203125 0.0234375
3 0.5515625 0.6296875 0.0296875 0.01875
3 0.375 0.484375 0.028125 0.0328125
3 0.51875 0.7015625 0.034375 0.01875
0 0.875 0.36875 0.053125 0.0671875
3 0.7015625 0.6609375 0.0125 0.0125
3 0.7484375 0.0921875 0.0125 0.0109375
3 0.45625 0.725 0.015625 0.0109375
3 0.7375 0.4328125 0.015625 0.0203125
3 0.96875 0.1234375 0.01875 0.0234375
3 0.6140625 0.528125 0.01875 0.015625
3 0.553125 0.5546875 0.01875 0.025
3 0.8984375 0.5765625 0.0125 0.0171875
0 0.2671875 0.5875 0.0296875 0.0515625
3 0.8765625 0.1265625 0.0296875 0.028125
3 0.240625 0.353125 0.0265625 0.01875
0 0.278125 0.6546875 0.0390625 0.0625
3 0.178125 0.5296875 0.0171875 0.01875
3 0.7328125 0.0109375 0.015625 0.0125
3 0.54375 0.3171875 0.0328125 0.0296875
3 0.1375 0.8953125 0.0171875 0.0234375
3 0.2640625 0.0234375 0.0609375 0.0296875
3 0.5953125 0.2046875 0.071875 0.0265625