0 0.1875 0.7078125 0.0234375 0.021875
0 0.725 0.690625 0.04375 0.05
0 0.55625 0.5484375 0.0359375 0.0328125
0 0.83125 0.2859375 0.0359375 0.0515625
0 0.3421875 0.5234375 0.0390625 0.0328125
0 0.140625 0.634375 0.025 0.0296875
0 0.0296875 0.5984375 0.05625 0.053125
0 0.1296875 0.7703125 0.0296875 0.046875
0 0.884375 0.7140625 0.0546875 0.0671875
0 0.48125 0.1453125 0.046875 0.0421875
0 0.490625 0.48125 0.0265625 0.0375
3 0.2328125 0.4203125 0.0140625 0.0125
0 0.3515625 0.175 0.05 0.040625
3 0.5515625 0.7375 0.009375 0.0109375
0 0.2 0.884375 0.0984375 0.059375
0 0.196875 0.509375 0.0171875 0.0171875
0 0.8171875 0.453125 0.0375 0.03125
0 0.4453125 0.603125 0.0265625 0.0234375
0 0.575 0.059375 0.0359375 0.0296875
0 0.1265625 0.53125 0.01875 0.015625
3 0.3328125 0.9078125 0.0109375 0.0109375
0 0.5109375 0.2125 0.0453125 0.034375
0 0.4125 0.034375 0.0234375 0.0203125
3 0.5921875 0.88125 0.028125 0.0359375
3 0.24375 0.575 0.0171875 0.015625
3 0.5515625 0.31875 0.0109375 0.0171875
3 0.171875 0.5921875 0.015625 0.021875