3 0.409375 0.5515625 0.009375 0.009375
0 0.121875 0.4390625 0.0609375 0.0609375
0 0.2609375 0.5453125 0.05 0.0390625
3 0.29375 0.6125 0.0125 0.0109375
0 0.0875 0.5203125 0.01875 0.0234375
0 0.371875 0.353125 0.0375 0.0234375
3 0.6265625 0.7125 0.0125 0.0171875
0 0.5203125 0.0734375 0.0328125 0.0265625
3 0.3375 0.521875 0.0109375 0.0171875
0 0.4796875 0.46875 0.0828125 0.1234375
3 0.3625 0.6859375 0.0125 0.01875
0 0.2234375 0.621875 0.0171875 0.0203125
0 0.2734375 0.034375 0.0359375 0.0234375
3 0.1296875 0.5828125 0.0109375 0.01875
3 0.334375 0.365625 0.0125 0.0140625
0 0.8609375 0.578125 0.034375 0.0296875
0 0.646875 0.3203125 0.046875 0.0328125
0 0.7484375 0.2359375 0.0609375 0.04375
3 0.840625 0.9515625 0.0109375 0.0125
3 0.2875 0.4078125 0.0234375 0.0125
0 0.0546875 0.4421875 0.0265625 0.0265625
0 0.109375 0.3765625 0.0203125 0.021875
0 0.846875 0.525 0.0328125 0.034375
3 0.690625 0.8578125 0.0234375 0.0328125
0 0.3921875 0.2421875 0.0296875 0.034375
3 0.9328125 0.0453125 0.009375 0.0125
0 0.2015625 0.690625 0.0359375 0.0515625
3 0.0640625 0.053125 0.0078125 0.009375
3 0.134375 0.0703125 0.0125 0.0125
3 0.359375 0.184375 0.0109375 0.009375
3 0.940625 0.696875 0.0109375 0.0140625
3 0.0359375 0.9015625 0.0390625 0.0328125
3 0.7140625 0.746875 0.0234375 0.0265625
0 0.45625 0.040625 0.0734375 0.0359375
0 0.3234375 0.8796875 0.0765625 0.10625
0 0.3953125 0.1109375 0.0484375 0.0390625
0 0.6046875 0.346875 0.0390625 0.0359375
0 0.6796875 0.109375 0.015625 0.0203125