0 0.675 0.484375 0.03125 0.0578125
3 0.478125 0.3125 0.015625 0.01875
3 0.396875 0.6921875 0.015625 0.0140625
3 0.903125 0.70625 0.0109375 0.0140625
3 0.875 0.64375 0.028125 0.021875
3 0.7484375 0.8609375 0.025 0.0203125
3 0.8046875 0.4609375 0.015625 0.015625
3 0.8515625 0.609375 0.0125 0.0140625
0 0.53125 0.878125 0.0875 0.075
3 0.6734375 0.934375 0.0171875 0.0125
0 0.359375 0.246875 0.0390625 0.0296875
0 0.24375 0.1703125 0.028125 0.03125
3 0.5984375 0.5375 0.009375 0.0109375
0 0.5359375 0.7703125 0.0375 0.0296875
0 0.475 0.1328125 0.034375 0.025
0 0.7796875 0.309375 0.0296875 0.0296875
0 0.9328125 0.3859375 0.065625 0.059375
3 0.328125 0.921875 0.0375 0.0359375
0 0.6578125 0.234375 0.084375 0.0625
0 0.8953125 0.51875 0.0265625 0.025
3 0.515625 0.5609375 0.0140625 0.0171875
3 0.71875 0.503125 0.009375 0.0125
0 0.4875 0.64375 0.0375 0.034375
3 0.61875 0.69375 0.0125 0.0125
0 0.3453125 0.04375 0.0375 0.0296875
0 0.475 0.8953125 0.1078125 0.0859375
0 0.3484375 0.3484375 0.1046875 0.1078125
0 0.6578125 0.1265625 0.125 0.059375
0 0.1625 0.5890625 0.0578125 0.0828125
3 0.1671875 0.8625 0.034375 0.034375
0 0.1890625 0.7296875 0.04375 0.1140625