0 0.315625 0.4890625 0.028125 0.053125
0 0.240625 0.95625 0.071875 0.0359375
3 0.4984375 0.3296875 0.015625 0.0171875
3 0.5734375 0.68125 0.0140625 0.0125
3 0.1046875 0.69375 0.009375 0.0125
3 0.1296875 0.6359375 0.0265625 0.0203125
3 0.2484375 0.8375 0.0234375 0.01875
3 0.1953125 0.465625 0.0140625 0.015625
3 0.1515625 0.603125 0.0109375 0.0125
0 0.4484375 0.8546875 0.08125 0.06875
3 0.3171875 0.9046875 0.015625 0.0125
0 0.6078125 0.26875 0.0359375 0.028125
0 0.7140625 0.196875 0.0265625 0.028125
3 0.3859375 0.5375 0.009375 0.009375
0 0.4453125 0.753125 0.034375 0.028125
0 0.5015625 0.1625 0.0328125 0.0234375
0 0.21875 0.3265625 0.028125 0.0265625
0 0.0765625 0.396875 0.0609375 0.05625
3 0.6375 0.89375 0.0359375 0.0328125
0 0.3328125 0.25625 0.078125 0.0578125
0 0.1109375 0.5203125 0.0234375 0.0234375
3 0.4625 0.559375 0.0125 0.015625
3 0.275 0.5046875 0.009375 0.0109375
0 0.4890625 0.6359375 0.034375 0.0328125
3 0.3671875 0.6828125 0.0109375 0.0125
0 0.621875 0.0796875 0.034375 0.028125
0 0.5015625 0.86875 0.1 0.0796875
0 0.61875 0.3625 0.096875 0.1
0 0.33125 0.1578125 0.115625 0.0546875
0 0.790625 0.5859375 0.0546875 0.0765625
3 0.7859375 0.8390625 0.03125 0.03125
0 0.765625 0.715625 0.040625 0.10625