0 0.4203125 0.3796875 0.0546875 0.05
0 0.478125 0.771875 0.0359375 0.0375
0 0.046875 0.7671875 0.0609375 0.0484375
0 0.309375 0.7796875 0.0265625 0.021875
0 0.5671875 0.6046875 0.0296875 0.021875
0 0.1078125 0.4359375 0.034375 0.03125
0 0.228125 0.7453125 0.046875 0.0515625
0 0.48125 0.2140625 0.046875 0.046875
0 0.3578125 0.15625 0.0484375 0.0359375
0 0.2953125 0.3703125 0.025 0.0265625
0 0.384375 0.28125 0.11875 0.0515625
0 0.284375 0.9140625 0.0703125 0.075
0 0.3390625 0.3953125 0.034375 0.059375
0 0.2859375 0.278125 0.0390625 0.040625
3 0.3375 0.6375 0.021875 0.01875
3 0.3828125 0.54375 0.01875 0.028125
3 0.5234375 0.3734375 0.03125 0.028125
3 0.3125 0.5125 0.0171875 0.0328125
0 0.634375 0.8578125 0.0640625 0.0515625
3 0.353125 0.6890625 0.0125 0.0125
3 0.9015625 0.734375 0.009375 0.0109375
3 0.290625 0.4515625 0.0109375 0.0140625
3 0.571875 0.7234375 0.01875 0.015625
3 0.871875 0.953125 0.0234375 0.0296875
3 0.4796875 0.6046875 0.015625 0.01875
3 0.4546875 0.5453125 0.025 0.01875
3 0.0125 0.8359375 0.01875 0.028125
3 0.434375 0.878125 0.0171875 0.0125
0 0.4234375 0.26875 0.05 0.028125
3 0.86875 0.8578125 0.028125 0.028125
3 0.65 0.24375 0.01875 0.0265625
0 0.359375 0.2796875 0.0609375 0.0375
3 0.4796875 0.1828125 0.01875 0.0171875
3 0.98125 0.7203125 0.0125 0.0140625
3 0.9015625 0.03125 0.009375 0.0109375
3 0.684375 0.5359375 0.0296875 0.03125
3 0.1265625 0.14375 0.021875 0.0171875
3 0.96875 0.265625 0.028125 0.059375
3 0.7921875 0.5859375 0.0265625 0.0703125