0 0.3390625 0.578125 0.06875 0.0890625
0 0.2734375 0.4671875 0.0890625 0.065625
0 0.2421875 0.2609375 0.0640625 0.0828125
0 0.371875 0.19375 0.040625 0.0328125
0 0.634375 0.96875 0.0390625 0.0140625
0 0.815625 0.44375 0.0609375 0.071875
0 0.4171875 0.1203125 0.0296875 0.028125
0 0.571875 0.30625 0.0375 0.040625
0 0.640625 0.3921875 0.0609375 0.0609375
0 0.2171875 0.3984375 0.0265625 0.0234375
0 0.7828125 0.703125 0.0359375 0.0453125
0 0.25625 0.646875 0.05625 0.0359375
0 0.309375 0.690625 0.0359375 0.0234375
0 0.625 0.5921875 0.0328125 0.0234375
0 0.53125 0.5125 0.0359375 0.025
0 0.9546875 0.1625 0.03125 0.03125
0 0.39375 0.4265625 0.0546875 0.04375
0 0.8859375 0.271875 0.0328125 0.0625
0 0.0109375 0.8953125 0.021875 0.059375
0 0.215625 0.096875 0.0375 0.059375
0 0.125 0.0328125 0.0234375 0.0171875
0 0.653125 0.409375 0.034375 0.028125
0 0.0625 0.3515625 0.0125 0.0171875
0 0.790625 0.596875 0.028125 0.028125
0 0.403125 0.49375 0.0171875 0.01875
0 0.6375 0.4984375 0.0140625 0.0140625
0 0.5453125 0.04375 0.0203125 0.01875
0 0.7375 0.153125 0.0375 0.0375
0 0.6203125 0.1703125 0.11875 0.0703125
0 0.7734375 0.1234375 0.025 0.0359375