3 0.575 0.4484375 0.0109375 0.0109375
0 0.4515625 0.1328125 0.0671875 0.0671875
0 0.56875 0.284375 0.0421875 0.0546875
3 0.640625 0.321875 0.0125 0.0140625
0 0.540625 0.09375 0.0265625 0.0203125
0 0.35625 0.4078125 0.025 0.0421875
3 0.7515625 0.6859375 0.01875 0.0140625
0 0.05 0.5703125 0.0296875 0.0359375
3 0.5421875 0.3703125 0.01875 0.0125
0 0.484375 0.5265625 0.1359375 0.0921875
3 0.7234375 0.396875 0.0203125 0.0140625
0 0.6515625 0.24375 0.0234375 0.01875
3 0.609375 0.140625 0.0203125 0.0125
3 0.3703125 0.365625 0.015625 0.0140625
0 0.6046875 0.94375 0.0328125 0.0375
0 0.3203125 0.709375 0.0359375 0.0515625
0 0.2265625 0.8203125 0.0484375 0.0671875
3 0.4171875 0.3140625 0.0140625 0.0265625
0 0.4546875 0.0578125 0.0296875 0.0296875
0 0.3828125 0.11875 0.025 0.021875
0 0.5453125 0.9296875 0.0375 0.0359375
3 0.9125 0.75625 0.0359375 0.025
0 0.234375 0.428125 0.0390625 0.0328125
0 0.728125 0.21875 0.05625 0.0390625
3 0.028125 0.06875 0.0078125 0.0078125
3 0.046875 0.1453125 0.0140625 0.0140625
3 0.171875 0.3921875 0.0109375 0.0125
3 0.959375 0.0359375 0.034375 0.040625
3 0.790625 0.784375 0.0296875 0.025
0 0.028125 0.4984375 0.0078125 0.0796875
0 0.9265625 0.353125 0.1 0.08125
0 0.090625 0.4328125 0.04375 0.053125
0 0.35 0.6640625 0.0390625 0.0421875
0 0.0890625 0.7453125 0.021875 0.0171875