0 0.4296875 0.6265625 0.078125 0.0828125
0 0.0625 0.6859375 0.040625 0.1171875
0 0.475 0.80625 0.1 0.0828125
0 0.5515625 0.721875 0.0265625 0.0234375
0 0.2671875 0.615625 0.028125 0.0234375
3 0.590625 0.75625 0.015625 0.0125
0 0.5734375 0.46875 0.025 0.025
3 0.5234375 0.34375 0.0109375 0.0109375
3 0.1140625 0.2453125 0.021875 0.021875
0 0.8484375 0.6515625 0.03125 0.0515625
0 0.0421875 0.1625 0.0265625 0.0375
3 0.3390625 0.765625 0.01875 0.015625
0 0.8328125 0.8546875 0.078125 0.1046875
0 0.328125 0.6078125 0.0375 0.028125
0 0.6140625 0.64375 0.0265625 0.025
3 0.1703125 0.4984375 0.0140625 0.009375
3 0.1921875 0.6953125 0.0171875 0.0171875
3 0.3046875 0.5203125 0.0125 0.009375
3 0.95625 0.325 0.015625 0.01875
0 0.91875 0.3671875 0.046875 0.0625
3 0.11875 0.4546875 0.015625 0.0203125
3 0.5046875 0.3140625 0.0140625 0.0109375
0 0.8390625 0.9484375 0.115625 0.1015625
0 0.6 0.0703125 0.0265625 0.0515625
0 0.3671875 0.996875 0.0140625 0.00625
0 0.790625 0.6421875 0.0234375 0.053125
0 0.7453125 0.7625 0.034375 0.0515625
3 0.3171875 0.19375 0.0609375 0.0640625
0 0.1265625 0.0890625 0.0234375 0.01875
0 0.721875 0.5484375 0.01875 0.01875
3 0.4578125 0.4625 0.0125 0.0109375
0 0.56875 0.41875 0.0171875 0.01875
3 0.3828125 0.4234375 0.01875 0.0265625
3 0.44375 0.5671875 0.0109375 0.009375
3 0.0453125 0.4578125 0.0125 0.0109375
0 0.5984375 0.8859375 0.0359375 0.025