3 0.728125 0.959375 0.021875 0.0203125
3 0.3671875 0.3953125 0.0109375 0.0109375
3 0.2859375 0.7078125 0.0109375 0.0109375
3 0.496875 0.765625 0.0109375 0.0125
0 0.4921875 0.58125 0.0265625 0.0328125
3 0.1359375 0.6859375 0.0125 0.0109375
0 0.3828125 0.6734375 0.0375 0.0296875
3 0.303125 0.534375 0.0109375 0.015625
3 0.546875 0.5375 0.015625 0.0140625
0 0.3375 0.5 0.0328125 0.0328125
3 0.8625 0.2421875 0.0125 0.0125
3 0.33125 0.3546875 0.015625 0.0125
3 0.6734375 0.3765625 0.0125 0.0140625
3 0.6953125 0.734375 0.009375 0.0109375
3 0.3359375 0.5375 0.0078125 0.009375
3 0.5640625 0.653125 0.0125 0.0125
3 0.575 0.753125 0.028125 0.0328125
3 0.20625 0.89375 0.009375 0.0109375
3 0.778125 0.409375 0.0140625 0.0125
3 0.4546875 0.6578125 0.0125 0.0171875
3 0.040625 0.6609375 0.009375 0.0125
0 0.596875 0.675 0.0546875 0.0625
3 0.521875 0.3375 0.015625 0.0109375
3 0.8265625 0.6609375 0.0140625 0.0125
3 0.1875 0.425 0.0203125 0.0140625
3 0.646875 0.815625 0.0109375 0.0171875
3 0.328125 0.44375 0.0234375 0.0140625
0 0.2 0.3 0.04375 0.028125
3 0.7140625 0.4390625 0.0125 0.0125
3 0.059375 0.8296875 0.009375 0.0109375
0 0.2390625 0.234375 0.0421875 0.053125
3 0.296875 0.2421875 0.0125 0.015625
3 0.521875 0.4765625 0.0109375 0.0109375
0 0.375 0.0640625 0.096875 0.0828125
0 0.68125 0.221875 0.0578125 0.08125
0 0.9328125 0.128125 0.034375 0.0734375
0 0.8953125 0.04375 0.015625 0.0171875
0 0.8234375 0.4953125 0.0125 0.0203125