3 0.625 0.625 0.0125 0.0125
3 0.284375 0.7140625 0.0109375 0.0109375
3 0.2203125 0.4828125 0.0140625 0.0109375
0 0.421875 0.4875 0.0359375 0.028125
3 0.30625 0.878125 0.0125 0.0125
0 0.3203125 0.6078125 0.0328125 0.040625
3 0.4734375 0.6953125 0.0171875 0.0109375
3 0.4703125 0.428125 0.015625 0.0171875
0 0.5109375 0.65625 0.0359375 0.0359375
3 0.7921875 0.0828125 0.0125 0.0140625
3 0.6703125 0.6640625 0.0125 0.0171875
3 0.6453125 0.2890625 0.0140625 0.0140625
3 0.2546875 0.265625 0.0109375 0.0109375
3 0.46875 0.659375 0.0109375 0.009375
3 0.34375 0.409375 0.0125 0.0140625
3 0.2328125 0.396875 0.0359375 0.0296875
3 0.0796875 0.8015625 0.0109375 0.0109375
3 0.609375 0.175 0.0140625 0.015625
3 0.3390625 0.5296875 0.01875 0.0140625
3 0.334375 0.9828125 0.0140625 0.0109375
0 0.3203125 0.3734375 0.0671875 0.059375
3 0.6875 0.45625 0.0125 0.0171875
3 0.3328125 0.121875 0.0125 0.015625
3 0.59375 0.821875 0.015625 0.021875
3 0.165625 0.31875 0.01875 0.0109375
3 0.571875 0.66875 0.015625 0.0265625
0 0.7296875 0.8078125 0.03125 0.0484375
3 0.578125 0.24375 0.0140625 0.0125
3 0.15 0.9609375 0.0125 0.0109375
0 0.8015625 0.765625 0.0578125 0.0453125
3 0.7921875 0.7015625 0.0171875 0.0125
3 0.5359375 0.4546875 0.0125 0.0125
0 0.9609375 0.6171875 0.034375 0.1046875
0 0.8140625 0.28125 0.0890625 0.0625
0 0.91953125 0.01171875 0.0796875 0.0234375
0 0.515625 0.125 0.0234375 0.0140625