3 0.484375 0.4609375 0.009375 0.009375
3 0.378125 0.215625 0.0125 0.0125
0 0.7203125 0.3921875 0.01875 0.01875
3 0.646875 0.303125 0.0140625 0.0140625
3 0.5140625 0.215625 0.0125 0.015625
0 0.7109375 0.4953125 0.0734375 0.096875
0 0.525 0.5625 0.028125 0.0203125
3 0.4078125 0.096875 0.0109375 0.0125
3 0.8078125 0.278125 0.0171875 0.0203125
0 0.565625 0.95 0.0421875 0.0265625
0 0.60625 0.15625 0.05 0.0328125
0 0.78125 0.5828125 0.04375 0.0578125
3 0.4625 0.80625 0.0109375 0.0109375
0 0.534375 0.6453125 0.0296875 0.04375
0 0.746875 0.4109375 0.01875 0.0140625
3 0.7046875 0.8046875 0.009375 0.009375
3 0.7015625 0.584375 0.009375 0.0125
0 0.275 0.3890625 0.03125 0.053125
3 0.5921875 0.6640625 0.015625 0.0140625
3 0.4828125 0.41875 0.0140625 0.009375
3 0.5234375 0.7125 0.053125 0.025
3 0.4453125 0.1140625 0.0140625 0.0140625
3 0.3265625 0.434375 0.009375 0.0109375
3 0.8953125 0.3015625 0.0140625 0.0109375
3 0.490625 0.4234375 0.034375 0.0171875
0 0.9171875 0.715625 0.0796875 0.0984375
0 0.8390625 0.940625 0.065625 0.071875
0 0.2 0.2265625 0.071875 0.075