0 0.2765625 0.8265625 0.0296875 0.0421875
3 0.8203125 0.93125 0.0125 0.0140625
0 0.06875 0.425 0.059375 0.0671875
3 0.3953125 0.55 0.009375 0.009375
0 0.175 0.0421875 0.034375 0.0296875
0 0.80625 0.5921875 0.03125 0.1046875
0 0.0921875 0.7703125 0.034375 0.05
0 0.2171875 0.70625 0.0765625 0.05625
3 0.5625 0.7421875 0.0125 0.0125
0 0.3875 0.634375 0.05625 0.0625
0 0.4734375 0.7984375 0.0234375 0.0171875
0 0.1734375 0.3453125 0.021875 0.0171875
0 0.6921875 0.3140625 0.034375 0.0234375
0 0.453125 0.3046875 0.046875 0.05
3 0.1859375 0.3765625 0.0109375 0.009375
0 0.6171875 0.0828125 0.0296875 0.0375
0 0.45 0.4703125 0.028125 0.028125
0 0.8921875 0.5890625 0.0203125 0.01875
0 0.6671875 0.4859375 0.0375 0.04375
0 0.33125 0.5296875 0.0234375 0.0359375
0 0.3578125 0.403125 0.0390625 0.025
0 0.8515625 0.74375 0.034375 0.0359375
3 0.546875 0.628125 0.0109375 0.0140625
0 0.56875 0.046875 0.028125 0.021875
0 0.303125 0.3015625 0.046875 0.0390625
0 0.525 0.4859375 0.0296875 0.046875
3 0.0625 0.7046875 0.0125 0.0125
0 0.3765625 0.678125 0.021875 0.01875
0 0.109375 0.5375 0.046875 0.0265625
0 0.6515625 0.6484375 0.078125 0.0484375
0 0.496875 0.3359375 0.0203125 0.0203125