0 0.2546875 0.903125 0.0875 0.04375
3 0.225 0.6953125 0.0125 0.0171875
3 0.615625 0.671875 0.0125 0.0140625
3 0.196875 0.784375 0.015625 0.015625
3 0.85 0.6515625 0.01875 0.0265625
3 0.4921875 0.7921875 0.009375 0.0125
3 0.353125 0.509375 0.0109375 0.015625
0 0.378125 0.6109375 0.075 0.05
3 0.3015625 0.6703125 0.0140625 0.0140625
3 0.3796875 0.50625 0.021875 0.0171875
0 0.671875 0.6171875 0.06875 0.084375
3 0.43125 0.5421875 0.009375 0.009375
3 0.20625 0.6484375 0.0125 0.01875
3 0.6203125 0.596875 0.0109375 0.0140625
0 0.39375 0.88125 0.0359375 0.0359375
0 0.05 0.73125 0.0328125 0.0359375
3 0.3484375 0.6453125 0.0125 0.0109375
0 0.36875 0.4453125 0.0609375 0.05
3 0.4546875 0.840625 0.0140625 0.0125
0 0.4484375 0.2234375 0.0625 0.053125
0 0.653125 0.196875 0.090625 0.0703125
0 0.6671875 0.075 0.0359375 0.0375
0 0.334375 0.0515625 0.0484375 0.05
3 0.9375 0.5046875 0.0140625 0.015625
3 0.4671875 0.8734375 0.01875 0.0171875
3 0.19375 0.9671875 0.028125 0.0203125
0 0.3625 0.096875 0.0390625 0.0390625
3 0.99609375 0.66953125 0.0078125 0.0203125
3 0.240625 0.8828125 0.01875 0.0140625
0 0.653125 0.51875 0.021875 0.03125
0 0.91875 0.4515625 0.0296875 0.0390625
0 0.50625 0.3046875 0.0359375 0.040625
0 0.2609375 0.3046875 0.03125 0.01875
3 0.0859375 0.628125 0.009375 0.0125
0 0.853125 0.271875 0.0515625 0.046875
0 0.45625 0.5328125 0.025 0.0390625
0 0.35 0.4328125 0.025 0.021875
0 0.34375 0.2328125 0.03125 0.025