0 0.2609375 0.15625 0.03125 0.04375
3 0.825 0.0484375 0.0125 0.0140625
0 0.046875 0.571875 0.0609375 0.0703125
3 0.384375 0.4421875 0.009375 0.009375
0 0.1578125 0.965625 0.034375 0.0234375
0 0.809375 0.3984375 0.03125 0.1078125
0 0.0703125 0.2140625 0.0359375 0.0515625
0 0.2015625 0.2796875 0.0796875 0.0578125
3 0.5578125 0.24375 0.0125 0.0140625
0 0.3765625 0.3546875 0.0578125 0.065625
0 0.465625 0.184375 0.025 0.0171875
0 0.1546875 0.653125 0.0234375 0.0171875
0 0.6921875 0.6859375 0.034375 0.025
0 0.4453125 0.696875 0.0484375 0.0515625
3 0.16875 0.621875 0.0109375 0.009375
0 0.6140625 0.9265625 0.03125 0.0375
0 0.440625 0.5234375 0.0296875 0.0296875
0 0.9 0.4015625 0.0203125 0.0203125
0 0.6671875 0.509375 0.0390625 0.0453125
0 0.31875 0.4640625 0.025 0.0359375
0 0.3453125 0.59375 0.040625 0.025
0 0.8578125 0.2421875 0.034375 0.0375
3 0.5421875 0.3625 0.0109375 0.015625
0 0.5640625 0.9625 0.0296875 0.0234375
0 0.2890625 0.6984375 0.05 0.040625
0 0.51875 0.509375 0.0296875 0.0484375
3 0.040625 0.2828125 0.0125 0.0125
0 0.365625 0.309375 0.021875 0.0203125
0 0.0890625 0.4546875 0.0484375 0.0265625
0 0.65 0.340625 0.0796875 0.05
0 0.490625 0.6640625 0.0203125 0.0203125