0 0.3734375 0.5671875 0.0765625 0.071875
0 0.31875 0.9046875 0.1078125 0.0375
0 0.209375 0.5265625 0.0765625 0.0921875
0 0.2859375 0.4546875 0.021875 0.025
0 0.384375 0.7171875 0.021875 0.0265625
3 0.2546875 0.41875 0.0109375 0.0140625
0 0.51875 0.434375 0.0234375 0.0234375
3 0.634375 0.48125 0.0109375 0.0109375
3 0.725 0.8578125 0.0203125 0.0203125
0 0.35 0.18125 0.046875 0.028125
0 0.8 0.9234375 0.034375 0.025
3 0.2453125 0.65 0.015625 0.0171875
0 0.1640625 0.196875 0.0953125 0.071875
0 0.390625 0.6609375 0.0265625 0.034375
0 0.3578125 0.3984375 0.0234375 0.025
3 0.490625 0.80625 0.009375 0.0125
3 0.309375 0.7859375 0.015625 0.015625
3 0.471875 0.6828125 0.009375 0.0109375
3 0.6515625 0.0828125 0.0171875 0.0140625
0 0.6125 0.1171875 0.0578125 0.0421875
3 0.53125 0.853125 0.01875 0.0140625
3 0.6609375 0.4984375 0.0109375 0.0125
0 0.0703125 0.190625 0.1109375 0.1078125
0 0.884375 0.409375 0.046875 0.0234375
0 0.028125 0.625 0.01875 0.0140625
0 0.359375 0.2359375 0.0484375 0.021875
0 0.2484375 0.2765625 0.046875 0.03125
3 0.771875 0.671875 0.059375 0.05625
0 0.86875 0.8453125 0.0171875 0.021875
0 0.4453125 0.2984375 0.0171875 0.0171875
3 0.525 0.5421875 0.009375 0.0109375
0 0.5640625 0.4390625 0.0171875 0.015625
3 0.953125 0.0484375 0.009375 0.0109375
3 0.5609375 0.6109375 0.0234375 0.0171875
3 0.4296875 0.5546875 0.009375 0.009375
3 0.5296875 0.921875 0.009375 0.0125
0 0.1359375 0.4125 0.0234375 0.0328125