3 0.4578125 0.4828125 0.009375 0.009375
3 0.2140625 0.378125 0.0125 0.0125
0 0.3890625 0.71875 0.01875 0.01875
3 0.3015625 0.6453125 0.0140625 0.0140625
3 0.2140625 0.5125 0.015625 0.0125
0 0.4921875 0.7078125 0.0953125 0.0734375
0 0.559375 0.5234375 0.0203125 0.0265625
3 0.096875 0.4078125 0.0109375 0.0109375
3 0.2765625 0.8046875 0.0203125 0.0171875
0 0.9453125 0.565625 0.0265625 0.0421875
0 0.1546875 0.6046875 0.0328125 0.05
0 0.5796875 0.778125 0.05625 0.0421875
3 0.8015625 0.4625 0.0109375 0.0109375
0 0.6421875 0.5328125 0.04375 0.028125
0 0.409375 0.7453125 0.0140625 0.01875
3 0.8 0.703125 0.009375 0.009375
3 0.58125 0.6984375 0.0125 0.009375
0 0.3875 0.275 0.0515625 0.03125
3 0.6609375 0.590625 0.0140625 0.015625
3 0.4171875 0.48125 0.009375 0.0140625
3 0.709375 0.521875 0.025 0.053125
3 0.1140625 0.44375 0.0140625 0.0140625
3 0.43125 0.3265625 0.0109375 0.009375
3 0.3 0.8921875 0.0109375 0.0140625
3 0.4203125 0.490625 0.0171875 0.034375
0 0.7109375 0.9140625 0.0984375 0.0796875
0 0.9359375 0.8359375 0.0703125 0.065625
0 0.2265625 0.2015625 0.075 0.071875