0 0.9546875 0.2390625 0.04375 0.0921875
3 0.734375 0.2078125 0.0171875 0.0125
3 0.709375 0.6234375 0.015625 0.0140625
3 0.828125 0.178125 0.015625 0.015625
3 0.6859375 0.8734375 0.028125 0.0203125
3 0.8375 0.4921875 0.0140625 0.0109375
3 0.534375 0.34375 0.015625 0.0109375
0 0.64375 0.371875 0.053125 0.0796875
3 0.70625 0.2890625 0.0140625 0.0140625
3 0.5328125 0.3734375 0.01875 0.021875
0 0.65 0.684375 0.090625 0.0734375
3 0.5703125 0.4265625 0.0109375 0.009375
3 0.684375 0.1890625 0.01875 0.0125
3 0.6296875 0.628125 0.0140625 0.0109375
0 0.9328125 0.3875 0.0375 0.0390625
0 0.771875 0.021875 0.0375 0.034375
3 0.6796875 0.3390625 0.0109375 0.0125
0 0.4671875 0.3609375 0.053125 0.065625
3 0.8875 0.453125 0.0140625 0.015625
0 0.23125 0.4453125 0.05625 0.065625
0 0.203125 0.6640625 0.075 0.096875
0 0.071875 0.6796875 0.040625 0.0375
0 0.05 0.325 0.05 0.0515625
3 0.53125 0.96875 0.015625 0.015625
3 0.9234375 0.4671875 0.01875 0.0203125
0 0.0953125 0.3546875 0.0421875 0.0421875
3 0.934375 0.2234375 0.015625 0.0203125
0 0.5453125 0.6640625 0.034375 0.021875
0 0.4734375 0.9484375 0.040625 0.0328125
0 0.3171875 0.5078125 0.04375 0.0390625
0 0.3171875 0.2453125 0.01875 0.0328125
3 0.6625 0.059375 0.0140625 0.009375
0 0.2828125 0.878125 0.0484375 0.05625
0 0.5609375 0.4546875 0.0421875 0.0265625
0 0.453125 0.340625 0.0234375 0.0265625
0 0.240625 0.334375 0.0265625 0.0328125