3 0.353125 0.6625 0.015625 0.0125
3 0.2359375 0.453125 0.0125 0.0125
3 0.2890625 0.4890625 0.0140625 0.015625
3 0.365625 0.5234375 0.0109375 0.015625
0 0.69375 0.1234375 0.0515625 0.034375
0 0.3859375 0.2625 0.0953125 0.04375
3 0.265625 0.653125 0.0140625 0.015625
0 0.7078125 0.334375 0.0296875 0.03125
0 0.6234375 0.071875 0.0375 0.0296875
3 0.0375 0.884375 0.0515625 0.040625
0 0.790625 0.3296875 0.0265625 0.021875
0 0.4609375 0.50625 0.01875 0.025
3 0.240625 0.6515625 0.0171875 0.015625
0 0.0734375 0.578125 0.0296875 0.046875
3 0.88125 0.49375 0.015625 0.015625
0 0.6578125 0.51875 0.0203125 0.0390625
3 0.75 0.7375 0.009375 0.0109375
0 0.4515625 0.3703125 0.04375 0.046875
3 0.4109375 0.86875 0.01875 0.0140625
0 0.1359375 0.7890625 0.03125 0.03125
3 0.7078125 0.4640625 0.0125 0.0125
0 0.0171875 0.6546875 0.0140625 0.0234375
3 0.63125 0.690625 0.0109375 0.0140625
3 0.6 0.709375 0.0171875 0.01875
0 0.2859375 0.553125 0.0375 0.0265625
3 0.953125 0.253125 0.0109375 0.0125
3 0.4625 0.7453125 0.0140625 0.0234375
3 0.671875 0.921875 0.0140625 0.0140625
3 0.4046875 0.528125 0.009375 0.0109375
0 0.8671875 0.603125 0.0859375 0.04375
3 0.4421875 0.796875 0.021875 0.021875
0 0.5109375 0.68125 0.028125 0.03125
0 0.4234375 0.6375 0.0171875 0.021875
3 0.175 0.3328125 0.015625 0.015625