3 0.396875 0.7984375 0.0140625 0.0125
3 0.228125 0.50625 0.015625 0.015625
3 0.446875 0.6203125 0.0109375 0.009375
3 0.5515625 0.6328125 0.015625 0.0171875
3 0.528125 0.690625 0.0140625 0.0109375
3 0.28125 0.584375 0.015625 0.0171875
3 0.06875 0.6328125 0.0140625 0.0140625
3 0.4078125 0.8296875 0.0140625 0.015625
3 0.4515625 0.659375 0.0203125 0.0140625
3 0.228125 0.2375 0.0109375 0.009375
0 0.746875 0.821875 0.0453125 0.053125
3 0.2984375 0.8859375 0.025 0.025
0 0.8015625 0.0140625 0.034375 0.021875
0 0.7921875 0.3046875 0.0546875 0.04375
0 0.221875 0.7359375 0.0265625 0.0203125
3 0.346875 0.4609375 0.021875 0.0203125
3 0.6234375 0.771875 0.0140625 0.0125
0 0.1703125 0.8734375 0.0375 0.0328125
0 0.0640625 0.678125 0.0453125 0.05625
0 0.4359375 0.1796875 0.203125 0.0484375
3 0.3921875 0.9734375 0.0125 0.0125
3 0.2828125 0.4453125 0.015625 0.0140625
0 0.4078125 0.51875 0.0296875 0.0296875
0 0.2171875 0.9953125 0.071875 0.009375
0 0.6890625 0.48125 0.03125 0.053125
3 0.315625 0.3265625 0.021875 0.0171875
3 0.30625 0.803125 0.0265625 0.0234375
3 0.4203125 0.875 0.0171875 0.01875
0 0.6765625 0.9171875 0.0328125 0.0359375
3 0.6453125 0.9359375 0.0125 0.0171875
3 0.0390625 0.2265625 0.0171875 0.028125
3 0.090625 0.09375 0.01875 0.0203125