3 0.6546875 0.278125 0.01875 0.0140625
3 0.7859375 0.5109375 0.0140625 0.0140625
3 0.725 0.4703125 0.015625 0.0171875
3 0.640625 0.43125 0.0109375 0.01875
0 0.275 0.8765625 0.0578125 0.0375
0 0.61875 0.7234375 0.10625 0.0484375
3 0.7515625 0.2875 0.015625 0.0171875
0 0.259375 0.6421875 0.0328125 0.0359375
0 0.353125 0.934375 0.040625 0.0328125
3 0.9890625 0.0390625 0.021875 0.0296875
0 0.1671875 0.6484375 0.0296875 0.025
0 0.534375 0.4515625 0.021875 0.0265625
3 0.7796875 0.290625 0.01875 0.0171875
0 0.965625 0.371875 0.0328125 0.0515625
3 0.0671875 0.4640625 0.0171875 0.0171875
0 0.3140625 0.4375 0.021875 0.04375
3 0.2125 0.19375 0.009375 0.0125
0 0.5453125 0.603125 0.0484375 0.0515625
3 0.590625 0.0484375 0.021875 0.015625
0 0.8953125 0.1359375 0.034375 0.0359375
3 0.259375 0.4984375 0.0140625 0.0140625
3 0.3453125 0.2453125 0.0125 0.015625
3 0.3796875 0.225 0.01875 0.021875
0 0.7296875 0.3984375 0.0421875 0.028125
3 0.5328125 0.184375 0.015625 0.0265625
3 0.596875 0.4265625 0.0109375 0.0125
0 0.0828125 0.34375 0.0953125 0.0484375
3 0.5546875 0.128125 0.0234375 0.025
0 0.478125 0.25625 0.03125 0.034375
0 0.575 0.30625 0.01875 0.025
3 0.853125 0.64375 0.0171875 0.0171875