3 0.3765625 0.865625 0.0140625 0.0125
3 0.596875 0.73125 0.0109375 0.0125
3 0.3890625 0.815625 0.0125 0.0109375
3 0.3078125 0.540625 0.0140625 0.0140625
3 0.35 0.53125 0.0109375 0.0171875
3 0.3859375 0.534375 0.009375 0.009375
3 0.7953125 0.278125 0.01875 0.021875
3 0.875 0.41875 0.0109375 0.0125
0 0.953125 0.221875 0.0296875 0.05625
3 0.6171875 0.415625 0.015625 0.0171875
3 0.734375 0.74375 0.009375 0.0109375
0 0.06875 0.9 0.0359375 0.0265625
0 0.234375 0.4375 0.05 0.075
0 0.05 0.465625 0.0359375 0.034375
3 0.9296875 0.259375 0.0140625 0.0125
3 0.4171875 0.3203125 0.0140625 0.0109375
3 0.175 0.4734375 0.0125 0.0125
3 0.4078125 0.4671875 0.015625 0.0140625
0 0.628125 0.6 0.0484375 0.04375
3 0.03125 0.6109375 0.0171875 0.0125
3 0.4140625 0.8921875 0.0109375 0.0125
3 0.1453125 0.534375 0.0140625 0.0140625
3 0.8421875 0.725 0.0296875 0.0390625
0 0.1265625 0.6703125 0.0484375 0.0453125
0 0.525 0.75625 0.0296875 0.0265625
3 0.2859375 0.44375 0.025 0.0140625
0 0.525 0.6359375 0.0296875 0.0375
0 0.1625 0.425 0.0421875 0.0375
3 0.4015625 0.9546875 0.021875 0.0203125
3 0.1921875 0.728125 0.0109375 0.0140625
0 0.528125 0.2125 0.0296875 0.03125
3 0.1984375 0.7890625 0.0125 0.0140625
3 0.071875 0.915625 0.0359375 0.021875
3 0.140625 0.65625 0.0171875 0.0171875
3 0.6859375 0.821875 0.0109375 0.0171875
0 0.2875 0.225 0.0234375 0.01875
3 0.578125 0.8515625 0.01875 0.01875