3 0.953125 0.65 0.0140625 0.015625
3 0.803125 0.4046875 0.0140625 0.0125
3 0.896875 0.6359375 0.0125 0.0125
3 0.590625 0.728125 0.015625 0.015625
3 0.58125 0.6796875 0.0203125 0.0125
3 0.584375 0.6390625 0.0109375 0.009375
3 0.2984375 0.1828125 0.025 0.0203125
3 0.4546875 0.0953125 0.0140625 0.0109375
0 0.2359375 0.0125 0.0609375 0.025
3 0.4515625 0.3828125 0.01875 0.0171875
3 0.8171875 0.2515625 0.0109375 0.009375
0 0.4765625 0.8078125 0.0828125 0.0546875
3 0.278125 0.034375 0.0140625 0.015625
3 0.3453125 0.6046875 0.0109375 0.015625
3 0.5171875 0.8734375 0.0140625 0.0140625
3 0.509375 0.615625 0.015625 0.01875
0 0.65625 0.3703125 0.05 0.053125
3 0.584375 0.9078125 0.0140625 0.015625
3 0.7953125 0.1328125 0.0421875 0.0328125
0 0.7359375 0.928125 0.05 0.053125
0 0.83125 0.484375 0.0296875 0.034375
3 0.484375 0.7515625 0.015625 0.0265625
0 0.696875 0.4859375 0.0421875 0.0328125
0 0.4625 0.8875 0.0421875 0.046875
3 0.8 0.85625 0.015625 0.0125
0 0.2265625 0.48125 0.034375 0.0328125
3 0.8671875 0.8484375 0.015625 0.0125
3 0.7203125 0.9125 0.01875 0.0203125
3 0.9046875 0.30625 0.01875 0.0125
0 0.2390625 0.75 0.0203125 0.025
3 0.9375 0.4265625 0.0203125 0.021875