3 0.6234375 0.8671875 0.0125 0.0109375
3 0.490625 0.91875 0.0125 0.0109375
0 0.8921875 0.290625 0.0375 0.0296875
0 0.4765625 0.79375 0.028125 0.034375
3 0.284375 0.5234375 0.0171875 0.0171875
0 0.2875 0.65625 0.0875 0.084375
3 0.378125 0.221875 0.034375 0.0296875
0 0.559375 0.1234375 0.0328125 0.0390625
3 0.38125 0.73125 0.0140625 0.0171875
0 0.553125 0.5578125 0.05 0.05
3 0.759375 0.6359375 0.015625 0.0140625
0 0.646875 0.5234375 0.021875 0.0296875
0 0.1703125 0.4671875 0.0265625 0.034375
3 0.275 0.25 0.0125 0.009375
3 0.434375 0.7703125 0.0109375 0.0140625
3 0.265625 0.15625 0.015625 0.0109375
0 0.8203125 0.025 0.0640625 0.03125
0 0.353125 0.9921875 0.025 0.0140625
3 0.4875 0.6203125 0.0171875 0.0171875
3 0.5796875 0.8046875 0.0171875 0.0125
0 0.503125 0.9578125 0.025 0.034375
0 0.3078125 0.46875 0.0265625 0.0390625
3 0.41875 0.8828125 0.0140625 0.015625
3 0.7796875 0.0453125 0.0125 0.0140625
0 0.63125 0.290625 0.01875 0.01875
3 0.7140625 0.1015625 0.0109375 0.015625
0 0.4671875 0.1 0.015625 0.0265625
3 0.4375 0.5234375 0.0203125 0.015625
0 0.34375 0.7453125 0.028125 0.0140625
0 0.684375 0.896875 0.025 0.0328125
3 0.49375 0.65 0.0203125 0.0140625
3 0.2 0.6375 0.0125 0.01875
3 0.1984375 0.375 0.021875 0.0203125