3 0.1546875 0.390625 0.0109375 0.0125
3 0.1046875 0.5203125 0.0109375 0.0125
0 0.7125 0.13125 0.028125 0.0359375
0 0.2265625 0.5328125 0.0328125 0.028125
3 0.4859375 0.71875 0.0171875 0.0171875
0 0.359375 0.715625 0.08125 0.084375
3 0.778125 0.628125 0.028125 0.0328125
0 0.8734375 0.453125 0.0375 0.03125
3 0.2859375 0.625 0.0171875 0.0140625
0 0.4546875 0.459375 0.0484375 0.0484375
3 0.378125 0.259375 0.0140625 0.015625
0 0.4875 0.3671875 0.0296875 0.0203125
0 0.5421875 0.828125 0.0328125 0.0265625
3 0.75 0.728125 0.009375 0.0125
3 0.2484375 0.575 0.0125 0.0109375
3 0.8421875 0.7359375 0.0109375 0.015625
0 0.96875 0.2015625 0.03125 0.0609375
0 0.021875 0.653125 0.040625 0.025
3 0.39375 0.521875 0.0171875 0.0171875
3 0.215625 0.4328125 0.0125 0.0171875
0 0.06875 0.5078125 0.0328125 0.0234375
0 0.5390625 0.6953125 0.0375 0.0265625
3 0.140625 0.5875 0.0140625 0.0140625
3 0.95 0.2390625 0.0125 0.0125
0 0.7125 0.384375 0.0171875 0.01875
3 0.8953125 0.3046875 0.0140625 0.0109375
0 0.8953125 0.5421875 0.0265625 0.0140625
3 0.4875 0.5703125 0.015625 0.0203125
0 0.2734375 0.6625 0.0140625 0.0265625
0 0.1265625 0.33125 0.03125 0.0234375
3 0.365625 0.5171875 0.0125 0.0203125
3 0.3765625 0.8 0.01875 0.0109375
3 0.63125 0.8015625 0.01875 0.021875