3 0.215625 0.578125 0.0109375 0.0125
3 0.484375 0.734375 0.0140625 0.0140625
3 0.3796875 0.5328125 0.009375 0.009375
3 0.36875 0.4359375 0.015625 0.0140625
3 0.3140625 0.4578125 0.0109375 0.0125
3 0.4125 0.684375 0.015625 0.0140625
3 0.36875 0.88125 0.0125 0.0125
0 0.99453125 0.134375 0.0109375 0.040625
3 0.1859375 0.56875 0.0140625 0.0125
3 0.34375 0.528125 0.0125 0.01875
3 0.73125 0.734375 0.009375 0.0109375
0 0.19375 0.2546875 0.05 0.040625
3 0.1359375 0.66875 0.0234375 0.021875
0 0.9375 0.20625 0.0203125 0.03125
0 0.6703125 0.2140625 0.0390625 0.0515625
0 0.2734375 0.7390625 0.01875 0.025
3 0.5265625 0.625 0.01875 0.0203125
3 0.240625 0.36875 0.0109375 0.0125
0 0.146875 0.7875 0.03125 0.0359375
0 0.3265625 0.884375 0.0515625 0.0421875
0 0.784375 0.5421875 0.0453125 0.1859375
3 0.0546875 0.58125 0.0109375 0.0125
3 0.540625 0.6828125 0.0125 0.0140625
0 0.4734375 0.56875 0.0265625 0.028125
0 0.0203125 0.74375 0.040625 0.065625
0 0.5078125 0.309375 0.0484375 0.0296875
3 0.015625 0.878125 0.03125 0.0375
3 0.6484375 0.653125 0.015625 0.0203125
3 0.2125 0.6609375 0.021875 0.025
3 0.1453125 0.55625 0.0171875 0.015625
0 0.10625 0.3203125 0.0328125 0.0296875
3 0.0890625 0.3484375 0.015625 0.0125
3 0.740625 0.90625 0.0265625 0.015625
3 0.8640625 0.859375 0.01875 0.0171875
0 0.9578125 0.046875 0.015625 0.0171875