3 0.7203125 0.515625 0.0125 0.0125
3 0.5265625 0.4 0.0109375 0.0125
0 0.4515625 0.0609375 0.05 0.046875
3 0.6484375 0.5296875 0.0109375 0.015625
0 0.20625 0.2828125 0.03125 0.0390625
3 0.6109375 0.5359375 0.009375 0.009375
3 0.109375 0.521875 0.0109375 0.0125
3 0.5609375 0.0453125 0.0546875 0.04375
3 0.434375 0.5671875 0.01875 0.0171875
3 0.7265625 0.325 0.0125 0.0125
0 0.546875 0.821875 0.025 0.025
0 0.403125 0.790625 0.0515625 0.05
3 0.6921875 0.509375 0.0109375 0.0171875
3 0.253125 0.74375 0.009375 0.0109375
0 0.4890625 0.5296875 0.021875 0.0265625
3 0.884375 0.390625 0.0125 0.0140625
0 0.675 0.2890625 0.0234375 0.0265625
3 0.834375 0.7578125 0.01875 0.0171875
0 0.759375 0.715625 0.0484375 0.0265625
0 0.6359375 0.865625 0.034375 0.01875
0 0.3875 0.453125 0.046875 0.071875
0 0.8125 0.1625 0.0421875 0.021875
0 0.0390625 0.2078125 0.03125 0.059375
0 0.63125 0.4015625 0.01875 0.0203125
3 0.0796875 0.678125 0.0140625 0.021875
0 0.640625 0.6171875 0.01875 0.0234375
0 0.70625 0.9078125 0.0375 0.0359375
0 0.303125 0.959375 0.04375 0.034375
3 0.6140625 0.4125 0.0109375 0.0125
3 0.54375 0.3125 0.0140625 0.0125
3 0.7875 0.4078125 0.01875 0.0109375
3 0.95625 0.846875 0.0203125 0.021875
3 0.903125 0.8453125 0.025 0.0265625
0 0.903125 0.3140625 0.0375 0.0265625
3 0.8703125 0.621875 0.015625 0.0234375
3 0.2296875 0.9140625 0.01875 0.0171875
3 0.66875 0.8640625 0.021875 0.015625
3 0.7453125 0.965625 0.0421875 0.021875
3 0.6203125 0.3140625 0.0140625 0.0125
3 0.965625 0.4796875 0.01875 0.0171875
0 0.7171875 0.221875 0.0234375 0.01875
3 0.58125 0.734375 0.0171875 0.0171875
3 0.9171875 0.653125 0.0109375 0.0140625