3 0.290625 0.5203125 0.0125 0.0125
3 0.4796875 0.40625 0.0109375 0.0125
0 0.5546875 0.0734375 0.05 0.046875
3 0.3609375 0.5328125 0.0109375 0.0140625
0 0.7953125 0.290625 0.03125 0.0375
3 0.396875 0.5390625 0.0078125 0.009375
3 0.890625 0.5265625 0.0109375 0.0125
3 0.446875 0.0515625 0.0546875 0.053125
3 0.5703125 0.5703125 0.0171875 0.0171875
3 0.2828125 0.3328125 0.0125 0.0125
0 0.459375 0.8203125 0.025 0.025
0 0.6015625 0.790625 0.0515625 0.05
3 0.3171875 0.5140625 0.0109375 0.015625
3 0.7484375 0.74375 0.0078125 0.0109375
0 0.5171875 0.534375 0.0203125 0.0265625
3 0.128125 0.396875 0.0125 0.0140625
0 0.334375 0.296875 0.0234375 0.025
3 0.1765625 0.7578125 0.01875 0.0171875
0 0.2515625 0.7171875 0.046875 0.025
0 0.371875 0.8640625 0.0328125 0.01875
0 0.6171875 0.459375 0.046875 0.071875
0 0.1984375 0.171875 0.040625 0.021875
0 0.9609375 0.2171875 0.0296875 0.0578125
0 0.3765625 0.4078125 0.01875 0.0203125
3 0.9203125 0.68125 0.0140625 0.0203125
0 0.3671875 0.6203125 0.0171875 0.0234375
0 0.303125 0.90625 0.0359375 0.034375
0 0.7 0.9578125 0.0421875 0.0359375
3 0.39375 0.41875 0.0109375 0.0125
3 0.4640625 0.3203125 0.0140625 0.0125
3 0.2234375 0.4140625 0.01875 0.0109375
3 0.0578125 0.8453125 0.0203125 0.021875
3 0.109375 0.84375 0.025 0.025
0 0.109375 0.321875 0.0375 0.0265625
3 0.1421875 0.625 0.0140625 0.0234375
3 0.771875 0.9125 0.01875 0.0171875
3 0.340625 0.8625 0.0203125 0.015625
3 0.265625 0.9640625 0.040625 0.021875
3 0.3875 0.321875 0.0140625 0.0125
3 0.0484375 0.484375 0.0171875 0.015625
0 0.2921875 0.23125 0.0234375 0.01875
3 0.425 0.7359375 0.015625 0.0171875
3 0.0953125 0.65625 0.0109375 0.0140625