3 0.3390625 0.3953125 0.0140625 0.0125
3 0.340625 0.253125 0.0171875 0.015625
0 0.3703125 0.14375 0.0578125 0.040625
3 0.4734375 0.5046875 0.0140625 0.0140625
3 0.1359375 0.5953125 0.0109375 0.0140625
3 0.1203125 0.2609375 0.015625 0.015625
3 0.1609375 0.59375 0.0109375 0.009375
3 0.75 0.078125 0.015625 0.01875
3 0.4109375 0.509375 0.0109375 0.0140625
0 0.175 0.9046875 0.075 0.0625
3 0.3015625 0.44375 0.0125 0.01875
3 0.3953125 0.5015625 0.009375 0.0109375
0 0.2953125 0.9046875 0.0375 0.034375
3 0.6984375 0.2390625 0.009375 0.0109375
3 0.259375 0.559375 0.0109375 0.0125
3 0.6734375 0.0578125 0.0375 0.0375
3 0.2546875 0.4828125 0.0125 0.0140625
3 0.91875 0.109375 0.0140625 0.0125
3 0.1140625 0.403125 0.021875 0.0171875
0 0.4859375 0.8390625 0.0359375 0.0328125
0 0.7578125 0.8828125 0.021875 0.0234375
3 0.4484375 0.65 0.0171875 0.0140625
3 0.9359375 0.5984375 0.0375 0.021875
3 0.8875 0.834375 0.009375 0.0109375
0 0.4875 0.2703125 0.021875 0.034375
0 0.628125 0.4796875 0.028125 0.05
3 0.81875 0.4515625 0.0140625 0.0171875
3 0.3265625 0.70625 0.0296875 0.0203125
0 0.790625 0.4296875 0.053125 0.259375
0 0.353125 0.6515625 0.025 0.0328125
3 0.1015625 0.6125 0.0109375 0.01875
0 0.5140625 0.4125 0.109375 0.1234375
0 0.2390625 0.7734375 0.028125 0.025
3 0.1171875 0.696875 0.0171875 0.0171875