3 0.3015625 0.6046875 0.015625 0.0125
3 0.440625 0.484375 0.009375 0.009375
0 0.30625 0.4421875 0.0453125 0.065625
3 0.75 0.9296875 0.015625 0.01875
0 0.134375 0.534375 0.0296875 0.0328125
3 0.2953125 0.290625 0.0125 0.0140625
0 0.590625 0.71875 0.0359375 0.0359375
0 0.9078125 0.3953125 0.090625 0.0859375
0 0.56875 0.7453125 0.0953125 0.0953125
0 0.64375 0.571875 0.021875 0.021875
3 0.340625 0.54375 0.0109375 0.0171875
0 0.634375 0.35 0.025 0.025
3 0.3171875 0.36875 0.0140625 0.015625
0 0.13125 0.1109375 0.0234375 0.0203125
0 0.021875 0.2546875 0.0234375 0.0328125
3 0.1703125 0.8609375 0.0359375 0.0265625
3 0.453125 0.7296875 0.0234375 0.0203125
3 0.5578125 0.4453125 0.0140625 0.0109375
3 0.209375 0.4328125 0.0125 0.01875
0 0.8078125 0.8515625 0.0375 0.0328125
0 0.58125 0.2484375 0.0484375 0.0421875
0 0.1 0.7359375 0.0484375 0.04375
0 0.1046875 0.38125 0.03125 0.0265625
3 0.4390625 0.76875 0.01875 0.01875
0 0.9 0.5671875 0.0921875 0.053125
3 0.5046875 0.8203125 0.0109375 0.0109375
3 0.6234375 0.878125 0.0109375 0.015625
3 0.190625 0.34375 0.028125 0.03125
3 0.9265625 0.159375 0.009375 0.009375
3 0.3609375 0.3125 0.0171875 0.0171875
0 0.1953125 0.2390625 0.021875 0.01875
3 0.409375 0.571875 0.0203125 0.028125
3 0.49375 0.3359375 0.0171875 0.015625
3 0.725 0.6921875 0.0234375 0.01875
3 0.3859375 0.8484375 0.021875 0.01875
3 0.5609375 0.0625 0.0109375 0.0125
0 0.2078125 0.171875 0.040625 0.0375
3 0.396875 0.9296875 0.0140625 0.015625