3 0.31875 0.425 0.0140625 0.0171875
3 0.48125 0.3921875 0.0109375 0.015625
0 0.6375 0.478125 0.0625 0.065625
3 0.3171875 0.484375 0.0140625 0.0171875
3 0.453125 0.9578125 0.0140625 0.0125
3 0.5765625 0.5109375 0.01875 0.021875
3 0.4765625 0.20625 0.0125 0.0140625
3 0.0984375 0.9703125 0.0125 0.0125
0 0.540625 0.63125 0.0296875 0.028125
3 0.5046875 0.309375 0.01875 0.0125
3 0.5015625 0.2984375 0.0171875 0.0125
0 0.9015625 0.4296875 0.0515625 0.0671875
0 0.871875 0.6046875 0.05 0.0375
0 0.3953125 0.2328125 0.03125 0.025
3 0.3140625 0.2546875 0.0140625 0.0140625
3 0.60625 0.4015625 0.01875 0.015625
3 0.4734375 0.1375 0.021875 0.0171875
3 0.5734375 0.4 0.0203125 0.015625
0 0.2015625 0.4203125 0.025 0.0296875
0 0.903125 0.753125 0.0578125 0.0859375
3 0.04375 0.3125 0.0390625 0.0515625
3 0.9109375 0.9171875 0.0125 0.0109375
0 0.775 0.071875 0.078125 0.065625
3 0.56875 0.9390625 0.021875 0.028125
3 0.03125 0.4515625 0.0125 0.028125
3 0.3671875 0.003125 0.01875 0.00625
3 0.4953125 0.415625 0.009375 0.009375
3 0.721875 0.25 0.01875 0.025
3 0.4734375 0.0359375 0.021875 0.0234375
0 0.646875 0.35625 0.0328125 0.0421875
0 0.2765625 0.0875 0.1078125 0.1
3 0.94375 0.628125 0.0140625 0.0203125
0 0.6 0.2546875 0.0984375 0.0703125