3 0.434375 0.6734375 0.015625 0.0140625
3 0.403125 0.5171875 0.0140625 0.0109375
0 0.4859375 0.36875 0.0625 0.0609375
3 0.4921875 0.675 0.0171875 0.0140625
3 0.9453125 0.5453125 0.0125 0.0125
3 0.5171875 0.4265625 0.021875 0.0171875
3 0.225 0.5234375 0.0125 0.0109375
3 0.9578125 0.8859375 0.0109375 0.0125
0 0.63125 0.4609375 0.0265625 0.028125
3 0.3234375 0.496875 0.0125 0.01875
3 0.3140625 0.4984375 0.0125 0.0171875
0 0.4390625 0.115625 0.0640625 0.05
0 0.60625 0.14375 0.0359375 0.0484375
0 0.25 0.6015625 0.025 0.0296875
3 0.2703125 0.678125 0.0125 0.0125
3 0.4125 0.3984375 0.0140625 0.0171875
3 0.159375 0.5265625 0.015625 0.0203125
3 0.4109375 0.4296875 0.0140625 0.01875
0 0.4296875 0.7859375 0.028125 0.0234375
0 0.75 0.1140625 0.08125 0.05625
3 0.328125 0.946875 0.0515625 0.05625
3 0.90625 0.10625 0.0109375 0.0109375
0 0.0953125 0.2375 0.0640625 0.075
3 0.9265625 0.434375 0.0265625 0.021875
3 0.459375 0.959375 0.028125 0.0328125
3 0.0234375 0.628125 0.01875 0.01875
3 0.0125 0.60625 0.0109375 0.0171875
3 0.425 0.5046875 0.009375 0.009375
3 0.265625 0.2859375 0.025 0.01875
3 0.0609375 0.525 0.021875 0.0203125
0 0.36875 0.359375 0.040625 0.03125
0 0.1109375 0.7140625 0.096875 0.103125
3 0.6296875 0.075 0.01875 0.0140625
0 0.271875 0.4046875 0.0671875 0.09375