3 0.3015625 0.3953125 0.015625 0.0125
3 0.440625 0.515625 0.009375 0.009375
0 0.30625 0.5578125 0.0453125 0.065625
3 0.75 0.0703125 0.015625 0.01875
0 0.134375 0.465625 0.0296875 0.0328125
3 0.2953125 0.709375 0.0125 0.0140625
0 0.590625 0.28125 0.0359375 0.0359375
0 0.9078125 0.6046875 0.090625 0.0859375
0 0.56875 0.2546875 0.0953125 0.0953125
0 0.64375 0.428125 0.021875 0.021875
3 0.340625 0.45625 0.0109375 0.0171875
0 0.634375 0.65 0.025 0.025
3 0.3171875 0.63125 0.0140625 0.015625
0 0.13125 0.8890625 0.0234375 0.0203125
0 0.021875 0.7453125 0.0234375 0.0328125
3 0.1703125 0.1390625 0.0359375 0.0265625
3 0.453125 0.2703125 0.0234375 0.0203125
3 0.5578125 0.5546875 0.0140625 0.0109375
3 0.209375 0.5671875 0.0125 0.01875
0 0.8078125 0.1484375 0.0375 0.0328125
0 0.58125 0.7515625 0.0484375 0.0421875
0 0.1 0.2640625 0.0484375 0.04375
0 0.1046875 0.61875 0.03125 0.0265625
3 0.4390625 0.23125 0.01875 0.01875
0 0.9 0.4328125 0.0921875 0.053125
3 0.5046875 0.1796875 0.0109375 0.0109375
3 0.6234375 0.121875 0.0109375 0.015625
3 0.190625 0.65625 0.028125 0.03125
3 0.9265625 0.840625 0.009375 0.009375
3 0.3609375 0.6875 0.0171875 0.0171875
0 0.1953125 0.7609375 0.021875 0.01875
3 0.409375 0.428125 0.0203125 0.028125
3 0.49375 0.6640625 0.0171875 0.015625
3 0.725 0.3078125 0.0234375 0.01875
3 0.3859375 0.1515625 0.021875 0.01875
3 0.5609375 0.9375 0.0109375 0.0125
0 0.2078125 0.828125 0.040625 0.0375
3 0.396875 0.0703125 0.0140625 0.015625