3 0.340625 0.6015625 0.0125 0.0125
3 0.3421875 0.74375 0.0171875 0.015625
0 0.371875 0.8515625 0.0578125 0.040625
3 0.4734375 0.4921875 0.0140625 0.0140625
3 0.1390625 0.403125 0.0109375 0.0125
3 0.1234375 0.734375 0.015625 0.015625
3 0.1640625 0.4046875 0.0109375 0.009375
3 0.75 0.9171875 0.015625 0.01875
3 0.4125 0.4890625 0.0109375 0.0125
0 0.178125 0.0953125 0.075 0.0625
3 0.3046875 0.553125 0.0125 0.01875
3 0.396875 0.4953125 0.009375 0.0109375
0 0.296875 0.0953125 0.0375 0.0328125
3 0.696875 0.7578125 0.009375 0.0109375
3 0.2609375 0.4375 0.0109375 0.0109375
3 0.6734375 0.9375 0.0375 0.0375
3 0.25625 0.5140625 0.0125 0.0140625
3 0.9171875 0.8859375 0.0140625 0.0125
3 0.1171875 0.59375 0.021875 0.0171875
0 0.4859375 0.1609375 0.0359375 0.0328125
0 0.7578125 0.1171875 0.021875 0.0234375
3 0.4484375 0.3484375 0.0171875 0.0140625
3 0.934375 0.4 0.0375 0.021875
3 0.8859375 0.1640625 0.009375 0.0109375
0 0.4890625 0.7265625 0.021875 0.034375
0 0.628125 0.5171875 0.0265625 0.05
3 0.81875 0.5453125 0.0140625 0.0171875
3 0.328125 0.2921875 0.028125 0.0203125
0 0.790625 0.5671875 0.053125 0.2578125
0 0.3546875 0.346875 0.0234375 0.0328125
3 0.1046875 0.3859375 0.0109375 0.0171875
0 0.5140625 0.584375 0.1078125 0.121875
0 0.240625 0.2265625 0.028125 0.025
3 0.1203125 0.3015625 0.015625 0.0171875