0 0.4046875 0.946875 0.0703125 0.05625
0 0.4 0.5390625 0.065625 0.06875
0 0.315625 0.8171875 0.0359375 0.053125
0 0.459375 0.6703125 0.0515625 0.046875
0 0.2078125 0.671875 0.0453125 0.05625
0 0.5953125 0.64375 0.0328125 0.04375
0 0.2828125 0.5 0.01875 0.0265625
0 0.3796875 0.603125 0.0421875 0.0390625
3 0.2015625 0.1140625 0.021875 0.01875
0 0.46875 0.4171875 0.0203125 0.0265625
3 0.0296875 0.05625 0.0125 0.0140625
3 0.8390625 0.09375 0.0109375 0.0109375
0 0.81875 0.4671875 0.028125 0.0296875
3 0.66875 0.0578125 0.009375 0.009375
3 0.2734375 0.3453125 0.015625 0.0109375
0 0.8453125 0.590625 0.0171875 0.025
0 0.23125 0.4484375 0.01875 0.01875
0 0.6578125 0.671875 0.0265625 0.0421875
3 0.5359375 0.4046875 0.0109375 0.0109375
0 0.3921875 0.878125 0.034375 0.0171875
0 0.11875 0.634375 0.0421875 0.0796875
0 0.103125 0.75 0.0203125 0.028125
0 0.6796875 0.2984375 0.0265625 0.015625
0 0.4203125 0.759375 0.0140625 0.0234375
0 0.7984375 0.765625 0.021875 0.028125
0 0.175 0.4390625 0.0296875 0.034375
0 0.584375 0.4453125 0.021875 0.01875
0 0.76875 0.625 0.01875 0.0234375
3 0.4453125 0.246875 0.0140625 0.0109375
0 0.3390625 0.74375 0.01875 0.0140625
0 0.0296875 0.5265625 0.0125 0.0265625
3 0.5546875 0.8390625 0.0125 0.0109375
3 0.05625 0.2 0.015625 0.0140625
0 0.428125 0.9546875 0.0296875 0.0390625
0 0.54375 0.990625 0.025 0.01875
3 0.1546875 0.0578125 0.0140625 0.0125
3 0.396875 0.3828125 0.015625 0.0109375
0 0.5890625 0.4765625 0.0203125 0.01875
3 0.3859375 0.328125 0.015625 0.0109375
3 0.503125 0.896875 0.0125 0.0109375
0 0.4890625 0.165625 0.0359375 0.015625