3 0.24375 0.36875 0.0125 0.0125
3 0.115625 0.2796875 0.0125 0.0125
0 0.19375 0.9640625 0.03125 0.025
3 0.615625 0.5734375 0.015625 0.0125
3 0.396875 0.4734375 0.009375 0.009375
3 0.5203125 0.571875 0.0125 0.0125
0 0.5359375 0.6859375 0.021875 0.025
0 0.334375 0.725 0.015625 0.0203125
0 0.725 0.8546875 0.01875 0.0234375
0 0.4640625 0.734375 0.03125 0.0140625
3 0.3609375 0.3140625 0.009375 0.015625
0 0.553125 0.934375 0.0515625 0.053125
3 0.871875 0.809375 0.0109375 0.0109375
3 0.1046875 0.5171875 0.040625 0.040625
3 0.1671875 0.1515625 0.015625 0.0109375
3 0.85 0.06875 0.0234375 0.0234375