0 0.6 0.7796875 0.0296875 0.025
3 0.48125 0.5796875 0.0109375 0.0109375
0 0.2640625 0.5765625 0.0171875 0.0234375
3 0.3703125 0.5453125 0.0125 0.0171875
0 0.1328125 0.6671875 0.04375 0.075
0 0.965625 0.76875 0.0203125 0.0203125
0 0.6546875 0.0890625 0.0328125 0.0390625
0 0.315625 0.2890625 0.034375 0.053125
0 0.95625 0.1390625 0.0296875 0.0265625
0 0.2546875 0.23125 0.0359375 0.0375
0 0.265625 0.725 0.01875 0.0125
3 0.346875 0.6625 0.009375 0.0125
0 0.959375 0.65625 0.078125 0.0796875
0 0.409375 0.5140625 0.01875 0.0390625
0 0.43125 0.9078125 0.0203125 0.0203125
0 0.5421875 0.3921875 0.021875 0.028125
0 0.25 0.503125 0.0171875 0.01875
3 0.278125 0.7734375 0.0171875 0.0140625
0 0.203125 0.728125 0.0296875 0.028125
0 0.975 0.1953125 0.0171875 0.021875
0 0.34375 0.7875 0.0203125 0.0171875
0 0.321875 0.04375 0.0390625 0.0375
3 0.5109375 0.5953125 0.0171875 0.015625
0 0.4421875 0.2734375 0.015625 0.0203125
0 0.45625 0.253125 0.0203125 0.0171875
0 0.1578125 0.3640625 0.0203125 0.0140625