3 0.3921875 0.765625 0.0140625 0.0109375
3 0.434375 0.559375 0.009375 0.009375
3 0.48125 0.4859375 0.0125 0.0140625
0 0.3703125 0.3734375 0.0515625 0.0328125
3 0.2140625 0.515625 0.015625 0.0203125
3 0.33125 0.54375 0.0109375 0.0140625
3 0.45 0.4203125 0.0125 0.0140625
0 0.5890625 0.809375 0.0640625 0.0578125
0 0.178125 0.41875 0.021875 0.034375
3 0.446875 0.465625 0.01875 0.01875
0 0.6109375 0.390625 0.0484375 0.0421875
3 0.9203125 0.1671875 0.009375 0.0109375
0 0.2328125 0.9078125 0.0484375 0.0359375
0 0.55 0.909375 0.046875 0.0390625
3 0.95 0.88125 0.0125 0.0125
3 0.021875 0.8796875 0.04375 0.04375
3 0.86875 0.0484375 0.03125 0.025
3 0.5421875 0.5046875 0.021875 0.0203125
3 0.55625 0.6625 0.0109375 0.0140625
3 0.746875 0.5078125 0.021875 0.028125
0 0.0671875 0.403125 0.034375 0.0359375
3 0.65625 0.865625 0.0203125 0.01875
0 0.4921875 0.3875 0.0140625 0.0203125
0 0.9125 0.496875 0.0640625 0.0453125
3 0.5984375 0.625 0.0140625 0.0171875
0 0.5546875 0.2265625 0.015625 0.0203125
0 0.784375 0.5921875 0.0265625 0.025
3 0.59375 0.534375 0.021875 0.0234375
3 0.5234375 0.9578125 0.01875 0.01875
3 0.178125 0.3390625 0.0109375 0.0140625
0 0.221875 0.8 0.053125 0.0359375
0 0.3984375 0.234375 0.025 0.01875
0 0.653125 0.0640625 0.0203125 0.0140625