3 0.2453125 0.628125 0.0109375 0.0125
3 0.1203125 0.7171875 0.0125 0.0125
0 0.196875 0.0390625 0.03125 0.03125
3 0.6140625 0.4265625 0.015625 0.0125
3 0.396875 0.525 0.009375 0.009375
3 0.51875 0.4296875 0.0109375 0.0125
0 0.534375 0.315625 0.021875 0.025
0 0.334375 0.2765625 0.015625 0.0203125
0 0.721875 0.1484375 0.01875 0.0234375
0 0.4625 0.26875 0.03125 0.0140625
3 0.3625 0.6828125 0.009375 0.015625
0 0.5515625 0.0703125 0.0515625 0.0515625
3 0.8671875 0.19375 0.009375 0.0109375
3 0.109375 0.4828125 0.040625 0.040625
3 0.1703125 0.84375 0.015625 0.0109375
3 0.8453125 0.925 0.0234375 0.0234375