0 0.3984375 0.7828125 0.0296875 0.025
3 0.51875 0.58125 0.0109375 0.0109375
0 0.7359375 0.578125 0.0171875 0.0234375
3 0.6296875 0.546875 0.0125 0.0171875
0 0.8671875 0.66875 0.04375 0.075
0 0.03125 0.771875 0.0203125 0.0203125
0 0.34375 0.0875 0.0328125 0.0390625
0 0.684375 0.2890625 0.034375 0.053125
0 0.040625 0.1375 0.0296875 0.0265625
0 0.7453125 0.2296875 0.0375 0.0390625
0 0.734375 0.7265625 0.01875 0.0125
3 0.653125 0.6640625 0.009375 0.0125
0 0.0390625 0.6578125 0.0765625 0.078125
0 0.590625 0.5140625 0.01875 0.040625
0 0.56875 0.9109375 0.0203125 0.0203125
0 0.45625 0.3921875 0.0234375 0.028125
0 0.75 0.5046875 0.0171875 0.01875
3 0.721875 0.775 0.0171875 0.0140625
0 0.7984375 0.7296875 0.0296875 0.028125
0 0.021875 0.1953125 0.0171875 0.021875
0 0.65625 0.7890625 0.0203125 0.0171875
0 0.678125 0.0421875 0.0390625 0.0390625
3 0.4875 0.5953125 0.0171875 0.015625
0 0.5578125 0.2734375 0.015625 0.0203125
0 0.54375 0.2515625 0.0203125 0.0171875
0 0.84375 0.3640625 0.0203125 0.0140625