3 0.5890625 0.19375 0.0140625 0.0125
3 0.54375 0.4125 0.009375 0.0109375
3 0.49375 0.490625 0.0125 0.015625
0 0.6109375 0.6078125 0.0546875 0.034375
3 0.7765625 0.459375 0.0171875 0.021875
3 0.6515625 0.428125 0.0109375 0.015625
3 0.5265625 0.559375 0.0140625 0.015625
0 0.3796875 0.1484375 0.0671875 0.0609375
0 0.8140625 0.559375 0.0234375 0.0359375
3 0.53125 0.5109375 0.0203125 0.01875
0 0.3578125 0.5890625 0.0515625 0.0453125
3 0.0328125 0.825 0.0109375 0.0125
0 0.7578125 0.04375 0.0515625 0.0375
0 0.421875 0.04375 0.046875 0.0390625
3 0.00390625 0.0734375 0.0078125 0.0125
3 0.978125 0.07578125 0.04375 0.0453125
3 0.0859375 0.95 0.0328125 0.0265625
3 0.43125 0.4703125 0.0234375 0.021875
3 0.415625 0.303125 0.0109375 0.015625
3 0.215625 0.465625 0.0234375 0.0296875
0 0.93125 0.5765625 0.0359375 0.0375
3 0.309375 0.0890625 0.021875 0.0203125
0 0.4828125 0.59375 0.0140625 0.021875
0 0.0390625 0.478125 0.0671875 0.046875
3 0.3703125 0.3421875 0.015625 0.01875
0 0.4171875 0.7625 0.015625 0.021875
0 0.175 0.3765625 0.028125 0.0265625
3 0.375 0.4390625 0.0234375 0.0234375
3 0.8140625 0.64375 0.0125 0.0140625
0 0.7671875 0.159375 0.05625 0.0375
0 0.5828125 0.753125 0.0265625 0.01875
0 0.3140625 0.934375 0.0203125 0.0140625