0 0.05625 0.5875 0.0546875 0.06875
0 0.45625 0.5921875 0.0671875 0.065625
0 0.184375 0.675 0.0515625 0.0359375
0 0.328125 0.534375 0.046875 0.0515625
0 0.3265625 0.78125 0.0546875 0.0453125
0 0.3546875 0.4 0.04375 0.03125
0 0.4953125 0.7078125 0.0265625 0.01875
0 0.39375 0.6125 0.0390625 0.0421875
3 0.8765625 0.7875 0.01875 0.021875
0 0.578125 0.525 0.025 0.0203125
3 0.9328125 0.9578125 0.0140625 0.0140625
3 0.8953125 0.1609375 0.009375 0.0109375
0 0.528125 0.18125 0.0296875 0.0265625
3 0.9296875 0.328125 0.009375 0.009375
3 0.6484375 0.7171875 0.0109375 0.0140625
0 0.40625 0.1546875 0.025 0.0171875
0 0.5453125 0.759375 0.01875 0.0171875
0 0.3265625 0.3375 0.040625 0.025
3 0.5890625 0.459375 0.0109375 0.0109375
0 0.1234375 0.6 0.0171875 0.034375
0 0.3640625 0.8703125 0.078125 0.040625
0 0.25 0.884375 0.028125 0.0203125
0 0.69375 0.3171875 0.015625 0.025
0 0.240625 0.571875 0.0234375 0.0140625
0 0.234375 0.2015625 0.028125 0.021875
0 0.5546875 0.8140625 0.034375 0.0296875
0 0.5484375 0.4109375 0.0171875 0.021875
0 0.371875 0.2296875 0.0234375 0.01875
3 0.7453125 0.546875 0.0109375 0.0140625
0 0.25625 0.653125 0.0140625 0.01875
0 0.4703125 0.959375 0.028125 0.01875
3 0.1625 0.440625 0.0109375 0.0125
3 0.790625 0.93125 0.0140625 0.015625
0 0.046875 0.565625 0.0375 0.0296875
0 0.0109375 0.4515625 0.021875 0.0265625
3 0.93125 0.8328125 0.0109375 0.0140625
3 0.6109375 0.5953125 0.0109375 0.015625
0 0.51875 0.40625 0.01875 0.01875
3 0.6640625 0.60625 0.0109375 0.015625
3 0.1046875 0.4921875 0.0109375 0.0125
0 0.825 0.5046875 0.015625 0.0359375