3 0.3015625 0.609375 0.0125 0.0125
3 0.4 0.509375 0.009375 0.009375
3 0.290625 0.546875 0.0125 0.015625
3 0.7015625 0.675 0.021875 0.0125
0 0.5546875 0.44375 0.0296875 0.0265625
3 0.465625 0.725 0.0296875 0.01875
3 0.6640625 0.5125 0.0140625 0.0125
3 0.9203125 0.48125 0.015625 0.0125
3 0.28125 0.2125 0.0109375 0.0125
3 0.609375 0.503125 0.01875 0.01875
0 0.3609375 0.8109375 0.025 0.034375
0 0.2515625 0.6796875 0.0390625 0.0625
3 0.86875 0.175 0.009375 0.0109375
0 0.0109375 0.578125 0.0203125 0.0390625
0 0.29375 0.1328125 0.0265625 0.021875
0 0.275 0.371875 0.078125 0.0875
0 0.2203125 0.1390625 0.0140625 0.01875
3 0.809375 0.7453125 0.0234375 0.0125
3 0.9859375 0.415625 0.0109375 0.0109375
3 0.8171875 0.109375 0.0109375 0.0125