3 0.6125 0.7640625 0.0125 0.0109375
3 0.5796875 0.5328125 0.009375 0.009375
3 0.69375 0.565625 0.0125 0.015625
3 0.459375 0.046875 0.0609375 0.04375
3 0.13125 0.6765625 0.0203125 0.01875
0 0.4734375 0.203125 0.0390625 0.0296875
0 0.671875 0.465625 0.028125 0.0171875
3 0.228125 0.709375 0.0203125 0.015625
3 0.55 0.871875 0.0453125 0.034375
0 0.45 0.7203125 0.0390625 0.0328125
0 0.2125 0.2484375 0.0890625 0.096875
0 0.4421875 0.465625 0.0421875 0.040625
3 0.0921875 0.209375 0.0109375 0.0125
3 0.0984375 0.6328125 0.0203125 0.01875
3 0.1578125 0.7859375 0.01875 0.0234375
0 0.7109375 0.34375 0.0328125 0.021875
3 0.684375 0.4125 0.0078125 0.0125
0 0.915625 0.778125 0.0203125 0.025
3 0.6359375 0.88125 0.0125 0.0140625
3 0.7484375 0.8296875 0.009375 0.0109375
0 0.96875 0.5390625 0.01875 0.0203125
3 0.771875 0.5640625 0.0203125 0.0234375
0 0.978125 0.75 0.04375 0.0484375
0 0.1390625 0.3359375 0.0203125 0.0171875