3 0.4125 0.5484375 0.009375 0.009375
3 0.3859375 0.3546875 0.0125 0.0125
3 0.19375 0.4640625 0.0125 0.0125
3 0.3265625 0.5109375 0.0125 0.0140625
3 0.1078125 0.5390625 0.0125 0.0109375
3 0.3078125 0.525 0.0125 0.0140625
3 0.36875 0.5765625 0.0109375 0.0140625
3 0.1921875 0.6984375 0.0140625 0.015625
0 0.796875 0.403125 0.0421875 0.034375
3 0.8890625 0.1734375 0.009375 0.0109375
3 0.7875 0.84375 0.0171875 0.01875
3 0.4984375 0.865625 0.0109375 0.0125
0 0.109375 0.0765625 0.0265625 0.034375
3 0.8828125 0.55 0.025 0.015625
3 0.1046875 0.884375 0.0421875 0.040625
0 0.2265625 0.3625 0.0265625 0.0203125
3 0.2890625 0.471875 0.0203125 0.0203125
3 0.8375 0.103125 0.009375 0.0125
3 0.3828125 0.8484375 0.015625 0.015625