3 0.4171875 0.715625 0.0140625 0.0140625
3 0.528125 0.6046875 0.0109375 0.0109375
3 0.4875 0.728125 0.01875 0.0140625
3 0.34375 0.265625 0.0140625 0.025
0 0.603125 0.43125 0.0296875 0.0328125
3 0.2859375 0.53125 0.021875 0.0328125
3 0.525 0.309375 0.0140625 0.015625
3 0.5609375 0.021875 0.0140625 0.0171875
3 0.8609375 0.7390625 0.0140625 0.0125
3 0.534375 0.3703125 0.021875 0.0203125
0 0.190625 0.6484375 0.0375 0.028125
0 0.3375 0.7703125 0.0703125 0.04375
3 0.9046875 0.0796875 0.0125 0.0109375
0 0.9515625 0.7234375 0.025 0.0296875
0 0.684375 0.7453125 0.0984375 0.0875
0 0.94375 0.80625 0.021875 0.015625
3 0.2640625 0.146875 0.0140625 0.025
3 0.975 0.1390625 0.00625 0.009375