3 0.396875 0.7484375 0.0125 0.0109375
3 0.4296875 0.521875 0.009375 0.009375
3 0.3171875 0.5546875 0.0125 0.015625
3 0.546875 0.0484375 0.059375 0.04375
3 0.865625 0.6625 0.0203125 0.01875
0 0.5328125 0.2015625 0.0390625 0.028125
0 0.3390625 0.45625 0.0265625 0.0171875
3 0.771875 0.6953125 0.0203125 0.015625
3 0.4578125 0.8546875 0.04375 0.034375
0 0.55625 0.70625 0.0390625 0.0328125
0 0.7875 0.2453125 0.0859375 0.0953125
0 0.5625 0.4578125 0.040625 0.040625
3 0.9046875 0.20625 0.0109375 0.0109375
3 0.8984375 0.6203125 0.0203125 0.01875
3 0.840625 0.7703125 0.01875 0.021875
0 0.3 0.3375 0.03125 0.0203125
3 0.325 0.4046875 0.0078125 0.0125
0 0.1 0.7625 0.0203125 0.0234375
3 0.3734375 0.8640625 0.0125 0.0140625
3 0.2640625 0.8125 0.009375 0.0109375
0 0.0484375 0.528125 0.01875 0.01875
3 0.240625 0.553125 0.01875 0.0234375
0 0.0390625 0.7359375 0.0453125 0.0484375
0 0.859375 0.3296875 0.0203125 0.015625