3 0.3109375 0.6125 0.009375 0.009375
0 0.425 0.7015625 0.028125 0.0234375
3 0.3453125 0.5265625 0.0140625 0.0125
3 0.415625 0.5140625 0.009375 0.009375
3 0.3046875 0.5484375 0.0125 0.015625
3 0.1453125 0.790625 0.009375 0.0109375
0 0.5796875 0.3515625 0.046875 0.0625
3 0.73125 0.865625 0.0296875 0.01875
0 0.8484375 0.6953125 0.021875 0.025
3 0.83125 0.3171875 0.028125 0.021875
0 0.6359375 0.428125 0.0328125 0.025
0 0.6 0.490625 0.021875 0.0171875
0 0.6484375 0.578125 0.0140625 0.021875
0 0.1171875 0.584375 0.0140625 0.03125
0 0.30625 0.31875 0.0390625 0.025
0 0.5171875 0.7484375 0.021875 0.015625
3 0.3109375 0.4 0.0078125 0.0125
3 0.8796875 0.2203125 0.0109375 0.0109375
3 0.5671875 0.7109375 0.015625 0.015625
3 0.753125 0.625 0.0140625 0.0140625
3 0.1703125 0.396875 0.015625 0.015625
3 0.8859375 0.1890625 0.0109375 0.0109375
0 0.1484375 0.0796875 0.0234375 0.0203125
0 0.1796875 0.228125 0.0421875 0.0328125
3 0.9125 0.5296875 0.0140625 0.015625
0 0.4125 0.859375 0.0421875 0.025
0 0.3765625 0.040625 0.071875 0.0328125
3 0.55 0.7859375 0.0265625 0.0203125
0 0.384375 0.1953125 0.021875 0.015625