3 0.4609375 0.446875 0.0125 0.0125
3 0.41875 0.421875 0.009375 0.009375
3 0.2203125 0.46875 0.0140625 0.0109375
0 0.890625 0.4546875 0.05625 0.0640625
0 0.68125 0.89375 0.0171875 0.034375
3 0.2984375 0.3875 0.0125 0.0171875
0 0.3140625 0.1078125 0.1015625 0.084375
0 0.1390625 0.3015625 0.0203125 0.0328125
3 0.1375 0.521875 0.0125 0.015625
0 0.7796875 0.765625 0.0421875 0.046875
0 0.821875 0.696875 0.046875 0.046875
3 0.4828125 0.36875 0.015625 0.0140625
0 0.03125 0.2734375 0.040625 0.0265625
3 0.928125 0.7703125 0.009375 0.0109375
0 0.64375 0.934375 0.0453125 0.028125
0 0.56875 0.6953125 0.053125 0.0390625
0 0.284375 0.7296875 0.0390625 0.03125
0 0.128125 0.9375 0.090625 0.053125
0 0.1625 0.8546875 0.0296875 0.0421875
3 0.6359375 0.3 0.0140625 0.0109375
3 0.5765625 0.1765625 0.021875 0.021875
0 0.409375 0.825 0.053125 0.040625
0 0.0078125 0.3375 0.015625 0.0140625