3 0.2515625 0.4234375 0.0140625 0.0125
3 0.41875 0.3546875 0.0109375 0.0109375
3 0.628125 0.684375 0.0171875 0.0296875
3 0.434375 0.878125 0.0125 0.0140625
3 0.4125 0.553125 0.009375 0.0109375
3 0.5546875 0.5828125 0.0109375 0.0109375
3 0.2640625 0.534375 0.0109375 0.0109375
0 0.7828125 0.2765625 0.0421875 0.0453125
3 0.3125 0.378125 0.009375 0.0140625
3 0.30625 0.5296875 0.0140625 0.015625
3 0.3765625 0.909375 0.0140625 0.0140625
0 0.6359375 0.1328125 0.0328125 0.0453125
3 0.3859375 0.503125 0.0125 0.0125
0 0.7359375 0.4671875 0.0296875 0.0546875
0 0.853125 0.7015625 0.034375 0.0359375
3 0.8890625 0.175 0.009375 0.0109375
3 0.625 0.40625 0.0125 0.0125
0 0.78125 0.6625 0.021875 0.0375
3 0.5421875 0.334375 0.0140625 0.0109375
3 0.371875 0.30625 0.015625 0.015625
3 0.840625 0.1046875 0.0109375 0.0125
0 0.121875 0.578125 0.0671875 0.140625
0 0.034375 0.815625 0.0296875 0.0609375
0 0.1890625 0.628125 0.025 0.0390625
0 0.49375 0.3640625 0.021875 0.021875