3 0.746875 0.4265625 0.0140625 0.0125
3 0.578125 0.35625 0.0109375 0.0109375
3 0.36875 0.6890625 0.0171875 0.0296875
3 0.5640625 0.8828125 0.0125 0.0140625
3 0.584375 0.5546875 0.009375 0.0109375
3 0.4421875 0.5859375 0.0109375 0.0109375
3 0.7359375 0.5375 0.0109375 0.0109375
0 0.2125 0.278125 0.0421875 0.0453125
3 0.6859375 0.3796875 0.009375 0.0140625
3 0.690625 0.53125 0.0140625 0.015625
3 0.621875 0.9140625 0.0140625 0.0140625
0 0.3609375 0.134375 0.0328125 0.046875
3 0.6109375 0.5046875 0.0125 0.0140625
0 0.2609375 0.4703125 0.0296875 0.0546875
0 0.1421875 0.70625 0.034375 0.0359375
3 0.10625 0.175 0.009375 0.0109375
3 0.371875 0.4078125 0.0125 0.0125
0 0.2140625 0.665625 0.021875 0.0375
3 0.4546875 0.3359375 0.0140625 0.0109375
3 0.6265625 0.3078125 0.015625 0.015625
3 0.15625 0.1046875 0.0109375 0.0125
0 0.8765625 0.58125 0.06875 0.140625
0 0.965625 0.8203125 0.0296875 0.0625
0 0.8109375 0.63125 0.025 0.0390625
0 0.503125 0.3671875 0.021875 0.021875