3 0.325 0.6015625 0.0109375 0.0109375
0 0.4515625 0.7 0.03125 0.0265625
3 0.3625 0.5046875 0.015625 0.0140625
3 0.4421875 0.490625 0.0109375 0.0109375
3 0.3171875 0.528125 0.0140625 0.0171875
3 0.1390625 0.8015625 0.0109375 0.0125
0 0.6265625 0.3078125 0.053125 0.0703125
3 0.7953125 0.884375 0.034375 0.0203125
0 0.928125 0.6921875 0.0234375 0.0265625
3 0.9078125 0.26875 0.03125 0.025
0 0.6890625 0.3953125 0.0375 0.028125
0 0.65 0.4640625 0.0234375 0.01875
0 0.703125 0.5625 0.015625 0.025
0 0.1078125 0.56875 0.0171875 0.034375
0 0.3203125 0.2703125 0.04375 0.028125
0 0.55625 0.7546875 0.025 0.0171875
3 0.325 0.3625 0.0078125 0.0140625
3 0.9625 0.1625 0.0125 0.0125
3 0.6125 0.7125 0.0171875 0.0171875
3 0.8203125 0.615625 0.015625 0.015625
3 0.165625 0.359375 0.0171875 0.0171875
3 0.9703125 0.1265625 0.0125 0.0125
0 0.1765625 0.1703125 0.046875 0.0375
3 0.9953125 0.50625 0.0078125 0.0171875
0 0.4390625 0.878125 0.046875 0.028125
3 0.5921875 0.7953125 0.0296875 0.0234375
0 0.4078125 0.1328125 0.025 0.0171875