3 0.4640625 0.515625 0.0125 0.0125
3 0.425 0.5390625 0.009375 0.009375
3 0.240625 0.4953125 0.0140625 0.0109375
0 0.8625 0.509375 0.0515625 0.059375
0 0.66875 0.1015625 0.0171875 0.0328125
3 0.3140625 0.5703125 0.0125 0.015625
0 0.328125 0.83125 0.0953125 0.078125
0 0.165625 0.6515625 0.01875 0.03125
3 0.165625 0.4484375 0.0109375 0.0140625
0 0.7609375 0.221875 0.0390625 0.04375
0 0.8 0.2859375 0.04375 0.04375
3 0.484375 0.5890625 0.0140625 0.0125
0 0.0671875 0.6765625 0.0375 0.025
3 0.8984375 0.2171875 0.009375 0.0109375
0 0.634375 0.0640625 0.0421875 0.0265625
0 0.5640625 0.2859375 0.0484375 0.0359375
0 0.3 0.2546875 0.0359375 0.0296875
0 0.15625 0.0625 0.084375 0.0484375
0 0.1875 0.1390625 0.028125 0.0390625
3 0.6265625 0.653125 0.0140625 0.009375
3 0.571875 0.7671875 0.0203125 0.0203125
0 0.4171875 0.1671875 0.05 0.0375
0 0.04375 0.61875 0.015625 0.0140625