3 0.3984375 0.45625 0.009375 0.0109375
3 0.371875 0.65625 0.0125 0.0140625
3 0.1734375 0.54375 0.0140625 0.0125
3 0.309375 0.496875 0.0140625 0.015625
3 0.084375 0.4671875 0.0125 0.0109375
3 0.290625 0.48125 0.0125 0.0140625
3 0.353125 0.428125 0.0109375 0.0140625
3 0.171875 0.303125 0.0140625 0.015625
0 0.79375 0.60625 0.04375 0.0359375
3 0.8875 0.84375 0.009375 0.0109375
3 0.7828125 0.153125 0.01875 0.01875
3 0.4875 0.13125 0.0109375 0.0125
0 0.0859375 0.9421875 0.0265625 0.0359375
3 0.88125 0.4546875 0.0265625 0.0171875
3 0.0828125 0.1125 0.04375 0.0421875
0 0.20625 0.6484375 0.0265625 0.021875
3 0.271875 0.5359375 0.0203125 0.0203125
3 0.8359375 0.915625 0.0109375 0.0125
3 0.3671875 0.1484375 0.015625 0.0171875