0 0.365625 0.6046875 0.0734375 0.0625
3 0.2859375 0.3375 0.0109375 0.0109375
0 0.2046875 0.19375 0.034375 0.0203125
3 0.5734375 0.6359375 0.0109375 0.0125
0 0.484375 0.46875 0.046875 0.05
3 0.2078125 0.56875 0.0125 0.0140625
0 0.2375 0.4359375 0.03125 0.034375
0 0.9703125 0.43125 0.0359375 0.0234375
0 0.6453125 0.4640625 0.053125 0.096875
0 0.83125 0.1359375 0.0421875 0.0390625
3 0.4703125 0.665625 0.0140625 0.01875
0 0.53125 0.678125 0.03125 0.0328125
0 0.5984375 0.215625 0.115625 0.11875
0 0.3609375 0.8015625 0.0234375 0.0171875
3 0.4078125 0.7625 0.0125 0.0140625
3 0.3625 0.7390625 0.0109375 0.0109375
0 0.0109375 0.1578125 0.021875 0.0421875
3 0.065625 0.325 0.009375 0.015625
3 0.5765625 0.878125 0.0125 0.0140625
0 0.6703125 0.3046875 0.01875 0.015625
0 0.9171875 0.5890625 0.0234375 0.0171875
3 0.9578125 0.865625 0.009375 0.009375
0 0.9 0.734375 0.015625 0.015625
0 0.90625 0.35 0.05 0.0578125
3 0.6171875 0.775 0.0109375 0.0140625