0 0.225 0.7609375 0.0359375 0.034375
3 0.3265625 0.540625 0.0125 0.015625
0 0.3296875 0.4828125 0.040625 0.021875
3 0.2703125 0.61875 0.01875 0.0171875
0 0.115625 0.5375 0.028125 0.028125
3 0.1265625 0.6453125 0.009375 0.0109375
3 0.5921875 0.4421875 0.0125 0.0109375
0 0.0453125 0.35625 0.0203125 0.0171875
0 0.4046875 0.0578125 0.0265625 0.0390625
3 0.6203125 0.596875 0.0140625 0.0125
3 0.3390625 0.8078125 0.015625 0.0109375
0 0.815625 0.3421875 0.034375 0.0453125
0 0.75 0.2203125 0.028125 0.034375
3 0.5515625 0.7171875 0.009375 0.0109375
0 0.665625 0.490625 0.0203125 0.01875
0 0.74375 0.625 0.0171875 0.0375
0 0.034375 0.6078125 0.0109375 0.01875
0 0.1171875 0.4171875 0.0328125 0.025
3 0.6328125 0.7515625 0.0140625 0.0140625
0 0.403125 0.24375 0.025 0.0171875
3 0.334375 0.3921875 0.0078125 0.0171875
3 0.3796875 0.51875 0.0140625 0.0109375
0 0.79375 0.0734375 0.015625 0.0140625
0 0.6640625 0.11875 0.0515625 0.0421875
3 0.9109375 0.19375 0.0109375 0.0109375
3 0.190625 0.45 0.0125 0.0140625
3 0.896875 0.5203125 0.0140625 0.0125
3 0.265625 0.628125 0.0125 0.0125
3 0.575 0.3625 0.0171875 0.015625
0 0.521875 0.0640625 0.0125 0.015625
0 0.4671875 0.6390625 0.0578125 0.0390625
3 0.434375 0.5671875 0.009375 0.0109375
3 0.74375 0.6578125 0.0171875 0.0125