3 0.4375 0.5703125 0.009375 0.009375
3 0.2953125 0.6265625 0.0109375 0.0125
3 0.3234375 0.5421875 0.0140625 0.0171875
0 0.45625 0.753125 0.01875 0.0203125
3 0.334375 0.7390625 0.0125 0.015625
0 0.1984375 0.7015625 0.0359375 0.053125
0 0.5953125 0.4875 0.0171875 0.021875
0 0.421875 0.278125 0.0484375 0.05625
0 0.0234375 0.8359375 0.03125 0.025
0 0.1703125 0.5828125 0.0703125 0.05625
0 0.4953125 0.6515625 0.0609375 0.0375
3 0.1421875 0.046875 0.0265625 0.028125
0 0.0734375 0.8 0.025 0.0171875
3 0.3296875 0.38125 0.009375 0.015625
0 0.4171875 0.9078125 0.0484375 0.0328125
3 0.8015625 0.684375 0.034375 0.0265625
3 0.5921875 0.3015625 0.0125 0.0140625
3 0.184375 0.4625 0.015625 0.0203125
3 0.475 0.915625 0.01875 0.015625
3 0.953125 0.165625 0.009375 0.0125
0 0.6546875 0.6109375 0.0203125 0.0140625
3 0.534375 0.159375 0.021875 0.01875
3 0.9 0.0890625 0.0109375 0.0125
0 0.403125 0.221875 0.0234375 0.0171875
3 0.8578125 0.3484375 0.0109375 0.0125
3 0.1578125 0.325 0.0140625 0.0140625
0 0.365625 0.23125 0.0140625 0.0171875