3 0.425 0.078125 0.040625 0.034375
3 0.34375 0.521875 0.0125 0.015625
3 0.4078125 0.5078125 0.0125 0.015625
3 0.4984375 0.7265625 0.009375 0.0109375
3 0.475 0.596875 0.0125 0.0109375
0 0.1875 0.7375 0.0203125 0.04375
3 0.4234375 0.5671875 0.0078125 0.009375
3 0.0671875 0.6984375 0.0140625 0.0171875
0 0.471875 0.8515625 0.028125 0.04375
3 0.3234375 0.54375 0.0140625 0.0171875
0 0.5734375 0.840625 0.05625 0.0578125
3 0.3296875 0.684375 0.0171875 0.01875
3 0.3515625 0.4703125 0.0140625 0.0203125
3 0.53125 0.5328125 0.01875 0.0171875
0 0.759375 0.859375 0.05 0.0546875
3 0.90625 0.1953125 0.009375 0.0109375
3 0.85625 0.1265625 0.0109375 0.0125
0 0.2125 0.5671875 0.0328125 0.021875
0 0.046875 0.5375 0.0140625 0.0171875
3 0.715625 0.79375 0.009375 0.009375
3 0.053125 0.1171875 0.009375 0.009375
3 0.528125 0.446875 0.0109375 0.009375
0 0.3921875 0.1875 0.04375 0.0421875
0 0.0234375 0.1921875 0.046875 0.046875
3 0.3296875 0.39375 0.0078125 0.015625
3 0.24375 0.4859375 0.0140625 0.0125
0 0.7828125 0.0765625 0.0171875 0.0140625
3 0.0703125 0.0890625 0.0078125 0.009375