3 0.821875 0.465625 0.0125 0.0125
3 0.828125 0.884375 0.0125 0.015625
0 0.1296875 0.359375 0.0203125 0.025
0 0.284375 0.5140625 0.0296875 0.0296875
0 0.428125 0.5328125 0.0328125 0.03125
0 0.5265625 0.728125 0.01875 0.0265625
3 0.0140625 0.465625 0.0109375 0.0140625
0 0.303125 0.0265625 0.0234375 0.009375
3 0.815625 0.3875 0.0140625 0.0140625
0 0.234375 0.14375 0.01875 0.025
0 0.371875 0.0828125 0.0796875 0.0640625
3 0.04375 0.096875 0.0109375 0.0125
0 0.484375 0.6484375 0.01875 0.03125
3 0.8828125 0.8609375 0.015625 0.0109375
0 0.8125 0.64375 0.065625 0.0421875
0 0.425 0.7859375 0.06875 0.0734375
0 0.9875 0.3828125 0.025 0.0484375
3 0.3046875 0.45625 0.0125 0.0140625
0 0.609375 0.59375 0.021875 0.0453125
0 0.39375 0.1921875 0.0171875 0.0171875
0 0.515625 0.603125 0.0140625 0.0203125
0 0.746875 0.4859375 0.028125 0.01875
3 0.696875 0.084375 0.0125 0.015625
3 0.6796875 0.325 0.009375 0.015625
3 0.096875 0.0234375 0.009375 0.0046875
3 0.684375 0.4921875 0.0125 0.0171875
3 0.6 0.534375 0.01875 0.021875
3 0.1453125 0.6953125 0.0171875 0.0171875
3 0.965625 0.8671875 0.01875 0.0125
3 0.5 0.5734375 0.015625 0.015625
0 0.6484375 0.184375 0.021875 0.01875