0 0.3640625 0.396875 0.0734375 0.0625
3 0.284375 0.6625 0.0109375 0.0109375
0 0.203125 0.80625 0.034375 0.0203125
3 0.5703125 0.365625 0.0109375 0.0125
0 0.48125 0.53125 0.046875 0.05
3 0.20625 0.43125 0.0125 0.0140625
0 0.2359375 0.5640625 0.03125 0.034375
0 0.9640625 0.5703125 0.0359375 0.0234375
0 0.640625 0.5375 0.053125 0.096875
0 0.8265625 0.8640625 0.040625 0.0390625
3 0.4671875 0.3359375 0.0140625 0.01875
0 0.5296875 0.3234375 0.03125 0.0328125
0 0.5953125 0.784375 0.1140625 0.11875
0 0.359375 0.2 0.0234375 0.0171875
3 0.40625 0.240625 0.0125 0.0140625
3 0.3609375 0.2640625 0.0109375 0.0109375
0 0.0109375 0.8421875 0.021875 0.0421875
3 0.065625 0.675 0.009375 0.0140625
3 0.5734375 0.125 0.0125 0.0140625
0 0.6671875 0.6953125 0.01875 0.015625
0 0.9125 0.4125 0.0234375 0.015625
3 0.953125 0.1375 0.009375 0.009375
0 0.8953125 0.2671875 0.015625 0.015625
0 0.9015625 0.65 0.05 0.0578125
3 0.6140625 0.2265625 0.0109375 0.0140625