3 0.4203125 0.553125 0.009375 0.009375
3 0.2875 0.60625 0.009375 0.0109375
3 0.3140625 0.528125 0.0125 0.015625
0 0.4375 0.7234375 0.01875 0.01875
3 0.3234375 0.7109375 0.0125 0.0140625
0 0.196875 0.675 0.0328125 0.05
0 0.565625 0.478125 0.015625 0.0203125
0 0.40625 0.284375 0.0453125 0.0515625
0 0.0359375 0.8 0.0296875 0.0234375
0 0.171875 0.565625 0.0640625 0.0515625
0 0.4734375 0.628125 0.05625 0.034375
3 0.1453125 0.06875 0.025 0.0265625
0 0.0828125 0.7671875 0.0234375 0.015625
3 0.3203125 0.378125 0.0078125 0.0140625
0 0.4 0.865625 0.0453125 0.03125
3 0.75625 0.659375 0.0328125 0.0234375
3 0.5640625 0.3046875 0.0109375 0.0125
3 0.1859375 0.4546875 0.015625 0.01875
3 0.4546875 0.875 0.0171875 0.015625
3 0.8984375 0.178125 0.009375 0.0109375
0 0.621875 0.590625 0.01875 0.0125
3 0.509375 0.171875 0.0203125 0.0171875
3 0.8484375 0.1078125 0.009375 0.0125
0 0.3875 0.23125 0.021875 0.015625
3 0.809375 0.3484375 0.0109375 0.0109375
3 0.1609375 0.3265625 0.0125 0.0140625
0 0.353125 0.2390625 0.0125 0.015625