3 0.184375 0.4984375 0.0109375 0.0109375
3 0.1796875 0.8765625 0.0109375 0.0140625
0 0.809375 0.4015625 0.01875 0.021875
3 0.9484375 0.6859375 0.0109375 0.0109375
0 0.6703125 0.5421875 0.028125 0.0265625
0 0.540625 0.559375 0.0296875 0.028125
0 0.453125 0.734375 0.0171875 0.0234375
3 0.9140625 0.4984375 0.009375 0.0125
0 0.6546875 0.096875 0.0234375 0.021875
3 0.190625 0.428125 0.0125 0.0125
0 0.715625 0.2078125 0.0171875 0.0234375
0 0.328125 0.06875 0.0328125 0.040625
0 0.5921875 0.153125 0.071875 0.0578125
3 0.8875 0.165625 0.009375 0.0109375
0 0.4890625 0.6625 0.015625 0.028125
3 0.13125 0.8546875 0.0140625 0.0109375
0 0.19375 0.6578125 0.0578125 0.0375
0 0.54375 0.7875 0.0609375 0.065625
0 0.0296875 0.425 0.040625 0.0453125
3 0.6515625 0.4890625 0.0109375 0.0125
0 0.378125 0.6140625 0.0203125 0.040625
0 0.571875 0.2515625 0.015625 0.015625
0 0.4625 0.621875 0.0125 0.01875
0 0.253125 0.5171875 0.0265625 0.0171875
0 0.1265625 0.0515625 0.01875 0.0171875
3 0.2984375 0.1546875 0.0125 0.0140625
3 0.3140625 0.371875 0.009375 0.0140625
3 0.840625 0.0953125 0.0109375 0.0125
3 0.309375 0.521875 0.0109375 0.015625
3 0.3859375 0.5609375 0.0171875 0.0203125
3 0.796875 0.70625 0.015625 0.015625
3 0.05625 0.8609375 0.0171875 0.0109375
3 0.475 0.5953125 0.0140625 0.0140625
0 0.3421875 0.2453125 0.0203125 0.0171875