3 0.925 0.3890625 0.0375 0.04375
3 0.44375 0.3 0.015625 0.0140625
3 0.459375 0.3703125 0.0171875 0.0140625
3 0.2203125 0.46875 0.0109375 0.0109375
3 0.3609375 0.44375 0.0125 0.0140625
0 0.2078125 0.1296875 0.046875 0.021875
3 0.39375 0.3859375 0.0109375 0.009375
3 0.2515625 0.003125 0.0171875 0.00625
0 0.084375 0.440625 0.046875 0.03125
3 0.41875 0.278125 0.01875 0.0140625
0 0.0953125 0.55 0.0640625 0.0609375
3 0.265625 0.2859375 0.0203125 0.01875
3 0.4984375 0.309375 0.021875 0.015625
3 0.43125 0.5046875 0.01875 0.0203125
0 0.0765625 0.7515625 0.059375 0.0546875
3 0.796875 0.9109375 0.0125 0.0109375
3 0.8734375 0.8578125 0.0140625 0.0125
0 0.39375 0.15625 0.0234375 0.0359375
3 0.146875 0.703125 0.0109375 0.009375
3 0.5234375 0.5 0.009375 0.0125
0 0.8046875 0.353125 0.0453125 0.0484375
3 0.5828125 0.284375 0.0171875 0.009375
3 0.48125 0.190625 0.0140625 0.015625
0 0.9265625 0.778125 0.0140625 0.01875
3 0.9140625 0.003125 0.009375 0.00625