0 0.7875 0.2234375 0.0359375 0.034375
3 0.6828125 0.4515625 0.0125 0.0171875
0 0.6796875 0.5125 0.040625 0.0234375
3 0.740625 0.371875 0.01875 0.01875
0 0.9 0.4546875 0.0296875 0.028125
3 0.8890625 0.34375 0.009375 0.0109375
3 0.4078125 0.553125 0.0125 0.0109375
0 0.9734375 0.6421875 0.0203125 0.0171875
0 0.6015625 0.9515625 0.028125 0.040625
3 0.378125 0.39375 0.015625 0.0125
3 0.6703125 0.175 0.015625 0.0109375
0 0.175 0.6578125 0.034375 0.046875
0 0.2453125 0.784375 0.0296875 0.0359375
3 0.45 0.26875 0.009375 0.0109375
0 0.33125 0.503125 0.021875 0.01875
0 0.25 0.3640625 0.0171875 0.0390625
0 0.984375 0.3828125 0.0125 0.01875
0 0.8984375 0.5796875 0.034375 0.0265625
3 0.365625 0.2328125 0.015625 0.015625
0 0.603125 0.759375 0.025 0.0171875
3 0.6734375 0.6046875 0.0078125 0.0171875
3 0.6265625 0.475 0.0140625 0.0109375
0 0.2 0.9359375 0.0171875 0.0140625
0 0.334375 0.8890625 0.053125 0.0421875
3 0.078125 0.8109375 0.0109375 0.0109375
3 0.821875 0.546875 0.0140625 0.0140625
3 0.0921875 0.4734375 0.0140625 0.0125
3 0.7453125 0.3609375 0.0125 0.0125
3 0.425 0.6359375 0.0171875 0.015625
0 0.4796875 0.9453125 0.0140625 0.0171875
0 0.5359375 0.3515625 0.059375 0.040625
3 0.5703125 0.425 0.0109375 0.0109375
3 0.25 0.33125 0.01875 0.0140625