3 0.2390625 0.5046875 0.0109375 0.0109375
3 0.3796875 0.5234375 0.0078125 0.009375
3 0.1453125 0.628125 0.009375 0.0125
3 0.8765625 0.890625 0.015625 0.0109375
0 0.8390625 0.4375 0.0359375 0.0359375
0 0.196875 0.334375 0.0203125 0.021875
0 0.4 0.0390625 0.0546875 0.0328125
0 0.1390625 0.134375 0.0890625 0.09375
0 0.6140625 0.9109375 0.08125 0.065625
0 0.171875 0.3828125 0.05 0.034375
0 0.8796875 0.5484375 0.0296875 0.0203125
3 0.5328125 0.628125 0.009375 0.0109375
0 0.7765625 0.134375 0.0828125 0.071875
3 0.0078125 0.596875 0.0109375 0.0109375
3 0.3734375 0.3734375 0.0140625 0.0140625
0 0.815625 0.34375 0.0265625 0.034375
3 0.715625 0.6625 0.034375 0.0328125
0 0.33125 0.1671875 0.084375 0.071875
0 0.725 0.5734375 0.015625 0.025
0 0.265625 0.2984375 0.0265625 0.0234375
0 0.4109375 0.3703125 0.021875 0.021875
3 0.0265625 0.390625 0.0140625 0.0109375
0 0.0390625 0.7359375 0.05 0.0421875
0 0.30625 0.496875 0.0171875 0.0234375
3 0.5109375 0.5453125 0.009375 0.0109375
3 0.8828125 0.1328125 0.009375 0.0078125
0 0.6234375 0.340625 0.03125 0.0375
3 0.5296875 0.7765625 0.0203125 0.021875
3 0.9234375 0.321875 0.0109375 0.0140625
0 0.3796875 0.1109375 0.025 0.0140625