3 0.184375 0.4984375 0.0125 0.0125
3 0.340625 0.4765625 0.009375 0.0109375
3 0.0796875 0.3609375 0.009375 0.0125
3 0.89375 0.06875 0.01875 0.0125
0 0.8515625 0.5734375 0.0390625 0.0390625
0 0.1375 0.6875 0.021875 0.0234375
0 0.0734375 0.9109375 0.1 0.103125
0 0.6015625 0.053125 0.0890625 0.059375
0 0.1109375 0.634375 0.05625 0.0375
0 0.8984375 0.4484375 0.0328125 0.0234375
3 0.5109375 0.3625 0.0109375 0.0125
0 0.7828125 0.9109375 0.0921875 0.0796875
3 0.334375 0.6453125 0.015625 0.015625
0 0.8265625 0.6765625 0.028125 0.0390625
3 0.715625 0.3234375 0.0390625 0.0375
0 0.2875 0.8734375 0.09375 0.0796875
0 0.7265625 0.421875 0.0171875 0.0265625
0 0.2140625 0.728125 0.0296875 0.0265625
0 0.3765625 0.6484375 0.025 0.025
0 0.2609375 0.5078125 0.01875 0.025
3 0.4875 0.453125 0.009375 0.0109375
3 0.9 0.9125 0.0109375 0.009375
0 0.6125 0.68125 0.0359375 0.040625
3 0.5078125 0.1953125 0.0234375 0.0234375
3 0.946875 0.7015625 0.0125 0.015625
0 0.3421875 0.9375 0.028125 0.015625