0 0.7859375 0.603125 0.04375 0.0484375
0 0.3015625 0.2890625 0.028125 0.0421875
0 0.1421875 0.7765625 0.096875 0.1140625
3 0.29375 0.925 0.0359375 0.0296875
0 0.8921875 0.478125 0.0484375 0.071875
3 0.61875 0.2375 0.0109375 0.0125
0 0.134375 0.8453125 0.028125 0.0234375
3 0.4875 0.4125 0.009375 0.0109375
3 0.653125 0.3734375 0.0109375 0.0125
3 0.03125 0.0953125 0.0234375 0.0296875
0 0.9 0.134375 0.028125 0.021875
0 0.559375 0.9703125 0.040625 0.0140625
0 0.63125 0.5640625 0.0703125 0.1046875
0 0.5125 0.7984375 0.0453125 0.0828125
0 0.753125 0.8625 0.0453125 0.084375
3 0.384375 0.2390625 0.0109375 0.0125