0 0.2015625 0.3828125 0.040625 0.0453125
0 0.6515625 0.675 0.025 0.0390625
0 0.8 0.221875 0.090625 0.10625
3 0.659375 0.0828125 0.0328125 0.0265625
0 0.103125 0.5 0.0453125 0.0671875
3 0.35625 0.7234375 0.0109375 0.0125
0 0.80625 0.1578125 0.0265625 0.021875
3 0.478125 0.5609375 0.009375 0.009375
3 0.325 0.596875 0.009375 0.0109375
3 0.9046875 0.85625 0.0203125 0.0265625
0 0.0953125 0.8203125 0.0265625 0.0203125
0 0.4109375 0.0359375 0.0375 0.025
0 0.3453125 0.4203125 0.065625 0.096875
0 0.45625 0.2015625 0.0421875 0.0765625
0 0.23125 0.1421875 0.0421875 0.078125
3 0.575 0.721875 0.0109375 0.0109375