3 0.3515625 0.6234375 0.009375 0.0109375
0 0.1671875 0.7859375 0.0765625 0.15625
3 0.484375 0.715625 0.0109375 0.0109375
0 0.55 0.5515625 0.034375 0.0578125
3 0.4328125 0.4703125 0.0125 0.0125
0 0.3734375 0.8875 0.040625 0.040625
3 0.4890625 0.4296875 0.0109375 0.0125
3 0.4328125 0.5328125 0.0078125 0.009375
0 0.3890625 0.18125 0.025 0.0390625
0 0.8671875 0.4765625 0.0703125 0.115625
0 0.8203125 0.2203125 0.0390625 0.03125
0 0.06875 0.3921875 0.0171875 0.0296875
3 0.440625 0.609375 0.0109375 0.0109375
0 0.4421875 0.2953125 0.071875 0.025
3 0.2203125 0.7359375 0.009375 0.0109375
0 0.2125 0.48125 0.01875 0.0390625
0 0.215625 0.934375 0.03125 0.025
0 0.55 0.328125 0.0203125 0.034375
3 0.44375 0.79375 0.0140625 0.0109375
0 0.4421875 0.8890625 0.015625 0.0234375
0 0.3890625 0.2078125 0.0234375 0.0234375
3 0.971875 0.7890625 0.015625 0.0125