3 0.3859375 0.6390625 0.0109375 0.0109375
0 0.21875 0.83125 0.1625 0.0796875
3 0.290625 0.5 0.0109375 0.0109375
0 0.4609375 0.43125 0.0609375 0.0359375
3 0.5453125 0.5546875 0.0125 0.0140625
0 0.1125 0.615625 0.0421875 0.0421875
3 0.5890625 0.496875 0.0125 0.0109375
3 0.48125 0.5546875 0.009375 0.009375
0 0.8453125 0.6 0.040625 0.025
0 0.5390625 0.103125 0.1203125 0.0734375
0 0.8046875 0.1515625 0.0328125 0.040625
0 0.628125 0.93125 0.03125 0.01875
3 0.4015625 0.546875 0.0109375 0.0109375
0 0.728125 0.54375 0.0265625 0.0734375
3 0.2703125 0.775 0.0109375 0.009375
0 0.534375 0.784375 0.0390625 0.01875
0 0.0625 0.7796875 0.0265625 0.0328125
0 0.69375 0.4328125 0.0359375 0.0203125
3 0.209375 0.5421875 0.0109375 0.0140625
0 0.109375 0.54375 0.025 0.015625
0 0.81875 0.6 0.0234375 0.025