0 0.25 0.3984375 0.084375 0.0421875
0 0.346875 0.83125 0.046875 0.0375
0 0.85625 0.7140625 0.04375 0.04375
0 0.10625 0.7703125 0.0578125 0.0375
3 0.425 0.5390625 0.0078125 0.0078125
3 0.1875 0.6890625 0.015625 0.0125
0 0.3 0.7484375 0.05 0.04375
0 0.3625 0.5859375 0.1125 0.090625
0 0.715625 0.128125 0.071875 0.040625
0 0.1484375 0.5421875 0.021875 0.0140625
0 0.38125 0.2171875 0.0234375 0.0171875
0 0.9109375 0.8828125 0.0234375 0.015625
0 0.3 0.478125 0.025 0.04375
0 0.1015625 0.6015625 0.021875 0.0171875
3 0.365625 0.7234375 0.0078125 0.0109375
0 0.7984375 0.1953125 0.021875 0.0234375
0 0.04375 0.5765625 0.03125 0.03125
0 0.215625 0.3890625 0.01875 0.025
0 0.1953125 0.2359375 0.053125 0.046875
0 0.853125 0.9484375 0.028125 0.05
3 0.265625 0.8921875 0.0109375 0.0109375
0 0.596875 0.775 0.0640625 0.0609375