0 0.8359375 0.41875 0.09375 0.0484375
0 0.7265625 0.903125 0.053125 0.0421875
0 0.1546875 0.771875 0.0484375 0.05
0 0.9828125 0.8359375 0.034375 0.0421875
3 0.6390625 0.5765625 0.009375 0.009375
3 0.90625 0.74375 0.0171875 0.0140625
0 0.778125 0.8109375 0.05625 0.05
0 0.709375 0.628125 0.1265625 0.1015625
0 0.3125 0.115625 0.0796875 0.0453125
0 0.95 0.5796875 0.025 0.015625
0 0.6890625 0.2140625 0.025 0.01875
0 0.0953125 0.9609375 0.0265625 0.01875
0 0.778125 0.5078125 0.028125 0.0484375
0 0.9953125 0.646875 0.009375 0.0171875
3 0.7046875 0.7828125 0.0078125 0.0125
0 0.2203125 0.190625 0.025 0.0265625
0 0.8734375 0.4078125 0.021875 0.028125
0 0.896875 0.2359375 0.059375 0.053125
3 0.8171875 0.971875 0.009375 0.0125
0 0.446875 0.840625 0.071875 0.06875