0 0.2125 0.840625 0.0484375 0.0421875
0 0.14375 0.4234375 0.0171875 0.0234375
0 0.3765625 0.0515625 0.0359375 0.04375
0 0.39375 0.53125 0.090625 0.0734375
0 0.24375 0.4234375 0.028125 0.025
0 0.5921875 0.63125 0.040625 0.034375
0 0.7921875 0.19375 0.0578125 0.0328125
3 0.6796875 0.8859375 0.0265625 0.0234375
0 0.109375 0.78125 0.0375 0.0359375
0 0.6765625 0.3046875 0.025 0.0578125
0 0.2453125 0.16875 0.05625 0.0296875
0 0.840625 0.325 0.0171875 0.025
0 0.6609375 0.4625 0.028125 0.01875
0 0.0515625 0.075 0.01875 0.0234375
0 0.475 0.0375 0.0265625 0.0234375
0 0.59375 0.2515625 0.0375 0.0203125
0 0.15625 0.1765625 0.0375 0.0796875
3 0.121875 0.2890625 0.0125 0.0109375
0 0.5171875 0.3515625 0.0984375 0.065625
3 0.1203125 0.8875 0.0125 0.0109375
3 0.3484375 0.734375 0.0125 0.0109375