0 0.8265625 0.771875 0.0375 0.04375
0 0.4515625 0.8328125 0.0203125 0.015625
0 0.115625 0.6234375 0.0390625 0.03125
0 0.5671875 0.0421875 0.046875 0.03125
0 0.5484375 0.6078125 0.065625 0.08125
0 0.4515625 0.74375 0.021875 0.025
0 0.6390625 0.4296875 0.03125 0.0375
0 0.24375 0.2484375 0.0296875 0.053125
3 0.86875 0.35 0.0203125 0.0234375
0 0.775 0.8640625 0.0328125 0.034375
0 0.34375 0.353125 0.0515625 0.0234375
0 0.221875 0.740625 0.0265625 0.05
0 0.3625 0.203125 0.021875 0.015625
0 0.4859375 0.365625 0.015625 0.025
0 0.1359375 0.9171875 0.0203125 0.0171875
0 0.103125 0.534375 0.0203125 0.0234375
0 0.296875 0.428125 0.01875 0.034375
0 0.228125 0.821875 0.071875 0.034375
3 0.3296875 0.853125 0.009375 0.0109375
0 0.015625 0.646875 0.03125 0.0296875
0 0.3859375 0.4953125 0.059375 0.0890625
3 0.8703125 0.8546875 0.0109375 0.0109375
3 0.73125 0.6484375 0.009375 0.0109375