0 0.14375 0.565625 0.06875 0.0546875
3 0.4484375 0.41875 0.009375 0.009375
0 0.0859375 0.9359375 0.0578125 0.0609375
0 0.29375 0.078125 0.06875 0.0546875
0 0.1546875 0.46875 0.0296875 0.025
0 0.265625 0.253125 0.028125 0.0328125
3 0.5 0.528125 0.0109375 0.0125
0 0.09375 0.109375 0.046875 0.0546875
0 0.6296875 0.15625 0.0609375 0.059375
0 0.175 0.4359375 0.025 0.03125
0 0.3765625 0.753125 0.1359375 0.1109375
0 0.8875 0.109375 0.0640625 0.071875
0 0.253125 0.6609375 0.103125 0.0578125
0 0.41875 0.1171875 0.025 0.0359375
0 0.403125 0.190625 0.0171875 0.0265625
0 0.015625 0.2921875 0.01875 0.028125
3 0.5328125 0.159375 0.0140625 0.015625
3 0.278125 0.503125 0.0125 0.0140625
0 0.071875 0.725 0.0234375 0.0578125
0 0.1140625 0.5484375 0.0296875 0.03125
0 0.0390625 0.1890625 0.021875 0.0328125
3 0.9875 0.0640625 0.0109375 0.0125
0 0.696875 0.7265625 0.078125 0.0421875