0 0.1578125 0.4125 0.0625 0.05
3 0.434375 0.546875 0.0078125 0.009375
0 0.1046875 0.0765625 0.0515625 0.05625
0 0.29375 0.85625 0.0625 0.05
0 0.1671875 0.5015625 0.0265625 0.021875
0 0.26875 0.696875 0.025 0.0296875
3 0.48125 0.446875 0.009375 0.0109375
0 0.1109375 0.828125 0.0421875 0.05
0 0.6 0.7859375 0.0546875 0.0546875
0 0.1859375 0.53125 0.0234375 0.028125
0 0.36875 0.2421875 0.1234375 0.1
0 0.834375 0.828125 0.0578125 0.0640625
0 0.25625 0.3265625 0.09375 0.0515625
0 0.4078125 0.821875 0.021875 0.0328125
0 0.39375 0.7546875 0.015625 0.0234375
0 0.040625 0.6609375 0.0171875 0.025
3 0.5109375 0.78125 0.0125 0.0140625
3 0.2796875 0.4703125 0.0109375 0.0125
0 0.0921875 0.26875 0.021875 0.053125
0 0.13125 0.428125 0.0265625 0.028125
0 0.0609375 0.75625 0.0203125 0.0296875
3 0.925 0.86875 0.0109375 0.0109375
0 0.6609375 0.2671875 0.0703125 0.0390625