3 0.4828125 0.6859375 0.009375 0.0109375
0 0.953125 0.3578125 0.015625 0.0296875
0 0.759375 0.4765625 0.025 0.03125
3 0.3546875 0.59375 0.0109375 0.0125
3 0.3578125 0.5640625 0.0125 0.0125
0 0.2578125 0.0609375 0.0390625 0.0421875
3 0.4484375 0.6296875 0.015625 0.01875
3 0.2203125 0.58125 0.015625 0.015625
3 0.3015625 0.7171875 0.0125 0.015625
3 0.284375 0.55625 0.0140625 0.015625
3 0.325 0.76875 0.0125 0.0125
0 0.1671875 0.9140625 0.025 0.0265625
3 0.0578125 0.7140625 0.0125 0.01875
3 0.9640625 0.553125 0.009375 0.0140625
0 0.521875 0.1375 0.0421875 0.0296875
0 0.515625 0.484375 0.0203125 0.0234375
3 0.6125 0.6359375 0.0109375 0.0125
0 0.8984375 0.796875 0.025 0.0546875
3 0.640625 0.4859375 0.0109375 0.0140625
3 0.3828125 0.7953125 0.0125 0.0125
3 0.4734375 0.3328125 0.0109375 0.015625
3 0.8203125 0.95625 0.009375 0.0109375
3 0.234375 0.40625 0.0140625 0.015625
0 0.7796875 0.621875 0.01875 0.01875
3 0.5453125 0.621875 0.0140625 0.0171875
3 0.4359375 0.54375 0.009375 0.0109375
0 0.125 0.153125 0.0515625 0.0484375
0 0.73125 0.396875 0.0265625 0.025
3 0.2609375 0.4421875 0.009375 0.0140625
0 0.8828125 0.3765625 0.025 0.021875
0 0.71875 0.2546875 0.0359375 0.034375
0 0.2734375 0.9640625 0.0359375 0.0265625
0 0.4765625 0.546875 0.021875 0.021875