3 0.33125 0.525 0.0125 0.0109375
0 0.6921875 0.0109375 0.0328125 0.0171875
0 0.5625 0.221875 0.034375 0.0265625
3 0.434375 0.665625 0.0140625 0.0125
3 0.465625 0.6625 0.0140625 0.0140625
3 0.39375 0.5640625 0.0203125 0.0171875
3 0.446875 0.8140625 0.0171875 0.0171875
3 0.2984375 0.725 0.0171875 0.0140625
3 0.475 0.74375 0.0171875 0.0140625
3 0.2421875 0.6984375 0.0140625 0.0125
0 0.0828125 0.871875 0.028125 0.0265625
3 0.3 0.990625 0.0203125 0.0140625
3 0.4796875 0.0015625 0.0140625 0.003125
0 0.9328125 0.4828125 0.0328125 0.046875
0 0.553125 0.490625 0.025 0.0234375
3 0.3875 0.3828125 0.0140625 0.0109375
0 0.2109375 0.0703125 0.059375 0.0265625
3 0.5515625 0.3515625 0.015625 0.0109375
3 0.2125 0.6359375 0.0125 0.0140625
3 0.71875 0.534375 0.0171875 0.0109375
3 0.0359375 0.15625 0.0125 0.0109375
3 0.6390625 0.7984375 0.0171875 0.015625
0 0.4015625 0.2 0.0203125 0.0203125
3 0.403125 0.4578125 0.01875 0.015625
3 0.4875 0.5765625 0.0125 0.0109375
0 0.915625 0.9171875 0.053125 0.0578125
0 0.65 0.253125 0.0265625 0.0296875
3 0.5984375 0.76875 0.0140625 0.0109375
0 0.6703125 0.0875 0.0234375 0.0265625
0 0.8046875 0.2671875 0.0375 0.0390625
0 0.03125 0.7546875 0.021875 0.0390625
0 0.484375 0.5328125 0.0234375 0.025