0 0.3765625 0.7140625 0.0359375 0.0265625
0 0.4390625 0.7671875 0.0390625 0.025
0 0.1984375 0.709375 0.0265625 0.028125
0 0.5734375 0.7328125 0.021875 0.025
3 0.371875 0.6734375 0.0109375 0.0109375
0 0.578125 0.565625 0.0671875 0.08125
3 0.0125 0.6578125 0.0140625 0.015625
3 0.540625 0.6671875 0.015625 0.0140625
0 0.35 0.528125 0.0328125 0.0328125
3 0.40625 0.55625 0.0109375 0.0109375
0 0.121875 0.378125 0.034375 0.01875
0 0.0046875 0.3359375 0.009375 0.0375
3 0.3296875 0.7359375 0.0109375 0.0125
3 0.996875 0.484375 0.00625 0.009375
3 0.40625 0.09375 0.0109375 0.0125
0 0.515625 0.46875 0.0234375 0.0296875
0 0.54375 0.3875 0.0359375 0.0234375
3 0.2796875 0.8875 0.009375 0.0109375
0 0.2765625 0.3359375 0.03125 0.0359375
0 0.4375 0.1765625 0.03125 0.025
0 0.875 0.9609375 0.0578125 0.034375
0 0.2390625 0.2390625 0.0265625 0.021875
0 0.46875 0.4515625 0.01875 0.0203125
3 0.0328125 0.5953125 0.0140625 0.0171875
3 0.0203125 0.065625 0.0203125 0.0296875
0 0.5640625 0.5296875 0.0421875 0.03125
3 0.0125 0.81875 0.0140625 0.0171875
3 0.25 0.4875 0.0171875 0.0171875