0 0.3796875 0.6671875 0.0328125 0.0234375
0 0.4375 0.7171875 0.0359375 0.0234375
0 0.215625 0.6625 0.0234375 0.025
0 0.559375 0.684375 0.0203125 0.021875
3 0.375 0.63125 0.0109375 0.009375
0 0.5640625 0.5328125 0.0625 0.0734375
3 0.046875 0.615625 0.0125 0.0140625
3 0.5296875 0.625 0.0140625 0.0125
0 0.3546875 0.4984375 0.03125 0.0296875
3 0.40625 0.525 0.009375 0.0109375
0 0.146875 0.3609375 0.03125 0.0171875
0 0.0296875 0.3234375 0.0328125 0.034375
3 0.3375 0.6890625 0.009375 0.0125
3 0.9484375 0.4578125 0.0109375 0.009375
3 0.40625 0.1015625 0.009375 0.0109375
0 0.50625 0.44375 0.021875 0.0265625
0 0.53125 0.3703125 0.0328125 0.021875
3 0.290625 0.8265625 0.0078125 0.0109375
0 0.2875 0.321875 0.0296875 0.0328125
0 0.434375 0.1765625 0.028125 0.021875
0 0.834375 0.89375 0.0515625 0.03125
0 0.253125 0.234375 0.0234375 0.0203125
0 0.4625 0.428125 0.0171875 0.01875
3 0.065625 0.559375 0.0125 0.015625
3 0.053125 0.0765625 0.0171875 0.028125
0 0.55 0.5 0.0390625 0.0296875
3 0.046875 0.7625 0.0125 0.015625
3 0.2640625 0.4609375 0.015625 0.015625