3 0.265625 0.65 0.0109375 0.0109375
3 0.5390625 0.7515625 0.0125 0.0109375
3 0.140625 0.1625 0.0234375 0.025
0 0.89375 0.34375 0.0484375 0.025
3 0.4640625 0.63125 0.0109375 0.009375
3 0.10625 0.203125 0.0109375 0.0125
3 0.19375 0.715625 0.0109375 0.015625
0 0.884375 0.1078125 0.040625 0.0328125
3 0.5421875 0.6203125 0.0109375 0.009375
3 0.084375 0.5671875 0.0109375 0.009375
0 0.4859375 0.2046875 0.196875 0.0484375
3 0.5671875 0.4296875 0.0140625 0.0125
3 0.378125 0.646875 0.0140625 0.0140625
3 0.3328125 0.5421875 0.0140625 0.0125
0 0.775 0.940625 0.0203125 0.0265625
3 0.575 0.16875 0.0171875 0.0171875
0 0.165625 0.5359375 0.0390625 0.03125
3 0.334375 0.2984375 0.0125 0.0109375
3 0.6171875 0.4828125 0.0125 0.0125
3 0.43125 0.509375 0.0125 0.01875
3 0.2890625 0.8046875 0.015625 0.0125
3 0.5765625 0.7046875 0.0140625 0.0171875
3 0.528125 0.8421875 0.01875 0.021875
0 0.3 0.76875 0.0203125 0.03125
0 0.85 0.90625 0.01875 0.015625
0 0.184375 0.6296875 0.0359375 0.05
3 0.4671875 0.903125 0.0234375 0.0203125
3 0.4203125 0.478125 0.0140625 0.0171875
3 0.678125 0.70625 0.009375 0.0140625