3 0.3609375 0.7359375 0.009375 0.0109375
3 0.2625 0.4734375 0.0109375 0.0125
3 0.828125 0.8546875 0.0234375 0.021875
0 0.6546875 0.1328125 0.0234375 0.0453125
3 0.3796875 0.5453125 0.009375 0.009375
3 0.7890625 0.8890625 0.0109375 0.0109375
3 0.296875 0.8046875 0.015625 0.0109375
0 0.8796875 0.1421875 0.03125 0.0390625
3 0.3890625 0.4703125 0.009375 0.009375
3 0.4390625 0.909375 0.009375 0.0109375
0 0.7875 0.525 0.046875 0.1890625
3 0.571875 0.4453125 0.0109375 0.0125
3 0.3640625 0.6265625 0.0140625 0.0140625
3 0.4640625 0.671875 0.0125 0.0140625
0 0.0828125 0.246875 0.0265625 0.0203125
3 0.821875 0.4390625 0.015625 0.0171875
0 0.4703125 0.83125 0.0296875 0.0375
3 0.6984375 0.66875 0.0109375 0.0125
3 0.521875 0.3984375 0.0125 0.0109375
3 0.4953125 0.5765625 0.01875 0.0125
3 0.2125 0.7125 0.0109375 0.0140625
3 0.3078125 0.4375 0.015625 0.0140625
3 0.1765625 0.484375 0.021875 0.01875
0 0.246875 0.703125 0.03125 0.01875
0 0.1140625 0.175 0.015625 0.0171875
0 0.3796875 0.8140625 0.0484375 0.034375
3 0.1171875 0.5421875 0.01875 0.021875
3 0.525 0.5875 0.015625 0.0140625
3 0.3078125 0.340625 0.0140625 0.0078125