3 0.559375 0.959375 0.0703125 0.03125
3 0.1015625 0.6765625 0.0109375 0.0125
3 0.5015625 0.7203125 0.015625 0.0171875
3 0.396875 0.7078125 0.0171875 0.0171875
3 0.2453125 0.496875 0.015625 0.0171875
3 0.5859375 0.6546875 0.0140625 0.0171875
3 0.0828125 0.965625 0.028125 0.01875
3 0.4078125 0.61875 0.015625 0.0125
3 0.9515625 0.7171875 0.0140625 0.01875
3 0.496875 0.58125 0.0203125 0.0203125
3 0.0328125 0.08125 0.0359375 0.0359375
0 0.528125 0.3828125 0.021875 0.028125
3 0.1203125 0.465625 0.015625 0.01875
3 0.0203125 0.6640625 0.0140625 0.015625
3 0.0296875 0.9203125 0.0359375 0.0296875
3 0.353125 0.4703125 0.0171875 0.0203125
3 0.99375 0.5046875 0.0125 0.0109375
0 0.6875 0.1203125 0.034375 0.0421875
3 0.1640625 0.6109375 0.0140625 0.0171875
0 0.85 0.8421875 0.04375 0.0546875
3 0.6015625 0.6015625 0.0140625 0.021875
3 0.3390625 0.534375 0.0203125 0.0265625
3 0.5296875 0.4859375 0.015625 0.0171875
3 0.3078125 0.3765625 0.0203125 0.0171875
3 0.8953125 0.3734375 0.0140625 0.015625
3 0.4 0.5640625 0.0109375 0.015625
3 0.2296875 0.7609375 0.0171875 0.021875
3 0.1859375 0.5078125 0.0109375 0.0109375
0 0.4078125 0.3875 0.0328125 0.0203125
3 0.5390625 0.965625 0.03125 0.01875
3 0.11875 0.6296875 0.015625 0.0171875
3 0.9125 0.8671875 0.009375 0.0125
0 0.4375 0.571875 0.034375 0.025