3 0.56875 0.9390625 0.06875 0.0484375
3 0.128125 0.6578125 0.0109375 0.0125
3 0.5140625 0.7 0.0140625 0.015625
3 0.4109375 0.6875 0.0171875 0.0171875
3 0.2671875 0.484375 0.015625 0.015625
3 0.5953125 0.6359375 0.0140625 0.0171875
3 0.109375 0.940625 0.028125 0.025
3 0.4234375 0.6015625 0.015625 0.0125
3 0.946875 0.696875 0.0125 0.0171875
3 0.509375 0.565625 0.0203125 0.01875
3 0.0625 0.084375 0.034375 0.034375
0 0.5375 0.375 0.021875 0.0265625
3 0.1453125 0.4546875 0.0140625 0.0171875
3 0.0484375 0.6453125 0.0125 0.015625
3 0.0578125 0.8921875 0.0359375 0.028125
3 0.3703125 0.459375 0.015625 0.0203125
3 0.9859375 0.4921875 0.0125 0.0109375
0 0.6921875 0.121875 0.0328125 0.040625
3 0.1875 0.5953125 0.0140625 0.015625
0 0.8484375 0.8171875 0.040625 0.053125
3 0.609375 0.584375 0.0140625 0.021875
3 0.35625 0.521875 0.0203125 0.025
3 0.540625 0.4734375 0.0140625 0.0171875
3 0.3265625 0.36875 0.01875 0.015625
3 0.8921875 0.365625 0.0125 0.015625
0 0.0203125 0.546875 0.0171875 0.03125
3 0.415625 0.55 0.0109375 0.015625
3 0.2515625 0.7390625 0.0171875 0.0203125
3 0.209375 0.49375 0.009375 0.0109375
0 0.421875 0.3796875 0.03125 0.01875
3 0.55 0.940625 0.03125 0.0265625
3 0.14375 0.6125 0.0140625 0.015625
3 0.9078125 0.840625 0.009375 0.0109375
0 0.4515625 0.5578125 0.034375 0.0234375