3 0.5234375 0.0671875 0.0328125 0.0359375
3 0.5359375 0.5015625 0.0140625 0.015625
3 0.1984375 0.615625 0.0109375 0.0109375
3 0.1453125 0.6171875 0.0125 0.0125
0 0.5046875 0.7421875 0.0328125 0.03125
3 0.9234375 0.7 0.0125 0.0125
3 0.884375 0.5203125 0.009375 0.0125
3 0.4984375 0.634375 0.0140625 0.0125
0 0.3484375 0.253125 0.0171875 0.01875
3 0.365625 0.853125 0.01875 0.01875
3 0.5234375 0.46875 0.0109375 0.0125
3 0.409375 0.9359375 0.015625 0.0140625
3 0.31875 0.915625 0.0125 0.015625
3 0.434375 0.5734375 0.009375 0.009375
3 0.134375 0.134375 0.0140625 0.0140625
0 0.309375 0.4203125 0.0328125 0.05
0 0.321875 0.7109375 0.05625 0.065625
3 0.6328125 0.8953125 0.01875 0.0171875
0 0.08125 0.559375 0.028125 0.053125
0 0.4296875 0.8703125 0.021875 0.0171875
3 0.621875 0.6984375 0.0125 0.015625
3 0.175 0.8328125 0.0125 0.0140625
0 0.371875 0.253125 0.0234375 0.01875
0 0.2421875 0.078125 0.0171875 0.01875
3 0.88125 0.3015625 0.0109375 0.0125
3 0.5703125 0.5765625 0.0125 0.0125
0 0.55625 0.8765625 0.0296875 0.025