3 0.9671875 0.55625 0.0171875 0.034375
3 0.5125 0.571875 0.0171875 0.015625
3 0.390625 0.2125 0.0125 0.0125
3 0.3890625 0.1546875 0.0140625 0.0140625
0 0.25625 0.5375 0.0328125 0.034375
3 0.3015625 0.9859375 0.0140625 0.0125
3 0.49375 0.9421875 0.0125 0.0109375
3 0.3703125 0.53125 0.0125 0.0140625
0 0.778125 0.3703125 0.0203125 0.01875
3 0.1375 0.390625 0.0203125 0.0203125
3 0.5484375 0.559375 0.0125 0.0125
3 0.0484375 0.4359375 0.015625 0.015625
3 0.0703125 0.340625 0.015625 0.0125
3 0.4359375 0.4625 0.0109375 0.009375
3 0.9046875 0.14375 0.015625 0.0140625
0 0.6 0.3296875 0.053125 0.034375
0 0.2890625 0.3421875 0.06875 0.0609375
3 0.0921875 0.675 0.01875 0.01875
0 0.4515625 0.0875 0.05625 0.0296875
0 0.11875 0.459375 0.01875 0.0234375
3 0.3015625 0.6640625 0.0171875 0.0140625
3 0.159375 0.1859375 0.0140625 0.0125
0 0.778125 0.396875 0.0203125 0.025
0 0.9640625 0.259375 0.0203125 0.0171875
3 0.7265625 0.9390625 0.0125 0.0109375
3 0.4328125 0.609375 0.0140625 0.0125
0 0.1140625 0.59375 0.0265625 0.03125