3 0.41875 0.5765625 0.0125 0.0140625
3 0.38125 0.534375 0.009375 0.0109375
3 0.409375 0.81875 0.0125 0.0140625
3 0.259375 0.6203125 0.0125 0.0171875
3 0.303125 0.490625 0.0125 0.0125
3 0.375 0.746875 0.0125 0.0125
3 0.2890625 0.5890625 0.009375 0.0140625
3 0.3421875 0.4015625 0.0125 0.0125
3 0.8734375 0.890625 0.015625 0.015625
3 0.8046875 0.65 0.009375 0.0140625
3 0.46875 0.734375 0.0140625 0.015625
3 0.3359375 0.5828125 0.0171875 0.021875
3 0.4828125 0.6140625 0.0171875 0.0203125
3 0.78125 0.628125 0.0109375 0.0171875
3 0.175 0.3 0.0140625 0.0109375
3 0.3234375 0.3 0.015625 0.0109375
3 0.2421875 0.2734375 0.0125 0.0125
3 0.634375 0.8515625 0.01875 0.01875
3 0.6671875 0.525 0.0125 0.01875
3 0.26875 0.49375 0.0125 0.0140625
0 0.203125 0.58125 0.0296875 0.0421875
0 0.18125 0.7625 0.03125 0.015625
0 0.715625 0.5953125 0.01875 0.0328125