3 0.625 0.609375 0.0140625 0.015625
3 0.6671875 0.5625 0.009375 0.0109375
3 0.6359375 0.8796875 0.0140625 0.015625
3 0.8015625 0.6578125 0.0125 0.01875
3 0.7546875 0.5140625 0.0140625 0.0125
3 0.6734375 0.7984375 0.0125 0.0140625
3 0.76875 0.621875 0.0109375 0.015625
3 0.7109375 0.4140625 0.0140625 0.0140625
3 0.1203125 0.959375 0.0171875 0.0171875
3 0.1953125 0.690625 0.0109375 0.015625
3 0.5703125 0.784375 0.015625 0.0171875
3 0.7171875 0.615625 0.01875 0.0234375
3 0.553125 0.6515625 0.01875 0.0234375
3 0.221875 0.665625 0.0109375 0.0203125
3 0.896875 0.3015625 0.015625 0.0125
3 0.73125 0.3015625 0.0171875 0.0109375
3 0.8203125 0.271875 0.0140625 0.0140625
3 0.384375 0.915625 0.0203125 0.0203125
3 0.3484375 0.5515625 0.0140625 0.0203125
3 0.7921875 0.5171875 0.0140625 0.015625
0 0.8640625 0.6140625 0.0328125 0.046875
0 0.8890625 0.8171875 0.034375 0.0171875
0 0.29375 0.6296875 0.0203125 0.0359375