3 0.4359375 0.5234375 0.009375 0.009375
0 0.75625 0.2921875 0.0234375 0.03125
3 0.615625 0.5953125 0.0125 0.015625
3 0.284375 0.5953125 0.0125 0.0125
0 0.45625 0.746875 0.021875 0.021875
3 0.4046875 0.6578125 0.0140625 0.009375
3 0.5484375 0.7 0.0125 0.0125
3 0.409375 0.721875 0.015625 0.015625
3 0.625 0.484375 0.0125 0.0140625
3 0.24375 0.428125 0.0140625 0.0125
3 0.896875 0.83125 0.0125 0.0125
3 0.3953125 0.665625 0.015625 0.015625
3 0.0984375 0.7828125 0.0140625 0.0171875
3 0.45 0.88125 0.0171875 0.0140625
3 0.9765625 0.73125 0.0109375 0.0125
3 0.4359375 0.3953125 0.03125 0.0328125
3 0.621875 0.115625 0.0109375 0.0109375
0 0.5359375 0.528125 0.0375 0.0234375
3 0.471875 0.5046875 0.0125 0.0109375
0 0.7765625 0.3234375 0.0828125 0.1171875
3 0.3578125 0.4421875 0.0109375 0.0109375
3 0.9640625 0.86875 0.0125 0.0125
0 0.51875 0.746875 0.034375 0.0390625
3 0.3734375 0.3390625 0.009375 0.0140625
3 0.346875 0.353125 0.0109375 0.015625