3 0.5171875 0.44375 0.0109375 0.0109375
0 0.26875 0.7875 0.0328125 0.025
3 0.5953125 0.6359375 0.0171875 0.0125
3 0.59375 0.28125 0.0140625 0.0140625
0 0.75625 0.465625 0.025 0.0234375
3 0.6609375 0.409375 0.0109375 0.0140625
3 0.70625 0.5640625 0.0140625 0.0140625
3 0.73125 0.4140625 0.0171875 0.0171875
3 0.4734375 0.6453125 0.015625 0.0125
3 0.4140625 0.2375 0.0140625 0.015625
3 0.846875 0.9375 0.0125 0.0140625
3 0.66875 0.4 0.0171875 0.0171875
3 0.7953125 0.0796875 0.0171875 0.015625
3 0.9015625 0.4578125 0.0140625 0.01875
3 0.378125 0.44375 0.034375 0.0328125
3 0.0796875 0.64375 0.0125 0.0125
0 0.5203125 0.55 0.0265625 0.040625
3 0.496875 0.48125 0.0125 0.0125
0 0.3015625 0.809375 0.1265625 0.0890625
3 0.4296875 0.359375 0.0109375 0.0125
0 0.75625 0.53125 0.0421875 0.0375
3 0.31875 0.3765625 0.0140625 0.0109375
3 0.3328125 0.3484375 0.0171875 0.0125