3 0.7421875 0.821875 0.0171875 0.0171875
3 0.2890625 0.8859375 0.0125 0.0203125
3 0.234375 0.7484375 0.0203125 0.021875
3 0.7828125 0.2640625 0.0234375 0.0140625
3 0.0875 0.6125 0.0203125 0.0234375
3 0.153125 0.4171875 0.015625 0.0125
3 0.903125 0.5390625 0.0171875 0.0171875
2 0.478125 0.9125 0.0296875 0.0265625
2 0.10625 0.35625 0.0390625 0.0453125
2 0.2234375 0.834375 0.0421875 0.0609375
2 0.734375 0.840625 0.05625 0.059375
2 0.078125 0.70625 0.01875 0.0234375
3 0.540625 0.0421875 0.015625 0.0171875
2 0.3109375 0.259375 0.0578125 0.0671875
2 0.890625 0.74375 0.0453125 0.0390625
3 0.4578125 0.3984375 0.009375 0.009375
2 0.0953125 0.721875 0.06875 0.071875
3 0.7171875 0.6015625 0.0203125 0.0203125