3 0.815625 0.265625 0.0171875 0.0171875
3 0.878125 0.7125 0.0203125 0.0125
3 0.7421875 0.7671875 0.0203125 0.0203125
3 0.265625 0.225 0.0140625 0.0234375
3 0.6078125 0.9125 0.0234375 0.0203125
3 0.415625 0.8484375 0.0125 0.015625
3 0.5359375 0.10625 0.0171875 0.0171875
2 0.9046875 0.5265625 0.0265625 0.028125
2 0.35625 0.89375 0.04375 0.0390625
2 0.828125 0.778125 0.0609375 0.040625
2 0.834375 0.2734375 0.059375 0.0546875
2 0.7 0.9203125 0.0234375 0.01875
3 0.0453125 0.4640625 0.0171875 0.015625
2 0.2609375 0.690625 0.065625 0.05625
2 0.7390625 0.11875 0.0375 0.0453125
3 0.396875 0.546875 0.009375 0.009375
2 0.715625 0.9046875 0.071875 0.0671875
3 0.5984375 0.2890625 0.0203125 0.0203125