2 0.8015625 0.8546875 0.06875 0.0390625
2 0.3609375 0.365625 0.0265625 0.0328125
3 0.384375 0.6671875 0.0265625 0.025
2 0.41875 0.8 0.028125 0.0296875
2 0.7453125 0.3984375 0.0375 0.0359375
3 0.5078125 0.2140625 0.0140625 0.015625
3 0.575 0.39375 0.0390625 0.034375
3 0.9890625 0.8375 0.0171875 0.0203125
3 0.6171875 0.28125 0.025 0.0234375
2 0.6484375 0.953125 0.0578125 0.046875
3 0.9546875 0.921875 0.009375 0.0234375
3 0.4109375 0.5375 0.009375 0.009375
3 0.91875 0.9234375 0.009375 0.0125
3 0.7296875 0.6421875 0.034375 0.0453125
3 0.771875 0.2046875 0.0125 0.0140625