2 0.1609375 0.134375 0.071875 0.040625
2 0.625 0.65 0.0265625 0.034375
3 0.6 0.3328125 0.028125 0.0265625
2 0.5640625 0.1921875 0.0296875 0.03125
2 0.2203125 0.615625 0.0390625 0.0375
3 0.4703125 0.809375 0.0140625 0.0171875
3 0.3984375 0.6203125 0.040625 0.0359375
3 0.3546875 0.7375 0.025 0.025
2 0.321875 0.0390625 0.059375 0.03125
3 0.0015625 0.0640625 0.003125 0.025
3 0.571875 0.46875 0.009375 0.009375
3 0.0359375 0.0625 0.009375 0.0125
3 0.2375 0.3578125 0.0359375 0.0484375
3 0.1921875 0.81875 0.0125 0.015625