3 0.35625 0.7796875 0.015625 0.01875
2 0.1984375 0.2640625 0.0578125 0.0578125
3 0.28125 0.3765625 0.03125 0.025
3 0.6234375 0.4890625 0.0171875 0.015625
2 0.746875 0.853125 0.1109375 0.11875
2 0.6328125 0.934375 0.09375 0.084375
2 0.8921875 0.646875 0.121875 0.0453125
2 0.903125 0.7109375 0.1296875 0.06875
2 0.940625 0.55625 0.034375 0.0296875
2 0.56875 0.1734375 0.06875 0.059375
0 0.4578125 0.95625 0.04375 0.0390625
0 0.61875 0.0421875 0.046875 0.0359375
0 0.653125 0.4078125 0.034375 0.034375
2 0.8765625 0.70625 0.0703125 0.053125
2 0.71875 0.8875 0.059375 0.0390625
2 0.778125 0.8265625 0.0484375 0.0421875