3 0.3609375 0.784375 0.0140625 0.01875
2 0.2078125 0.2828125 0.05625 0.05625
3 0.2875 0.3921875 0.03125 0.0234375
3 0.6203125 0.5015625 0.015625 0.015625
2 0.7421875 0.8546875 0.1078125 0.115625
2 0.6296875 0.934375 0.0921875 0.0828125
2 0.8828125 0.6546875 0.11875 0.04375
2 0.8921875 0.7171875 0.1265625 0.0671875
2 0.9296875 0.5671875 0.0328125 0.0296875
2 0.56875 0.19375 0.0671875 0.0578125
0 0.4609375 0.9578125 0.04375 0.0375
0 0.6171875 0.0578125 0.046875 0.0515625
0 0.65 0.421875 0.034375 0.034375
2 0.8671875 0.7140625 0.06875 0.0515625
2 0.7125 0.8890625 0.0578125 0.0375
2 0.771875 0.8296875 0.0484375 0.0421875