3 0.040625 0.375 0.021875 0.0234375
3 0.9140625 0.4875 0.015625 0.0171875
2 0.353125 0.1390625 0.040625 0.0296875
2 0.4734375 0.4703125 0.0640625 0.040625
3 0.821875 0.3828125 0.009375 0.009375
3 0.06875 0.6765625 0.0203125 0.025
3 0.5625 0.4734375 0.0078125 0.009375
2 0.9625 0.0578125 0.0390625 0.0484375
3 0.0109375 0.3203125 0.0140625 0.0171875
3 0.5296875 0.7078125 0.009375 0.009375
2 0.040625 0.9125 0.028125 0.028125
3 0.3609375 0.7359375 0.021875 0.021875
2 0.6671875 0.4453125 0.0484375 0.0390625
3 0.6171875 0.8296875 0.009375 0.009375
0 0.646875 0.1828125 0.0671875 0.109375