3 0.9546875 0.6171875 0.021875 0.0234375
3 0.0953125 0.50625 0.015625 0.015625
2 0.646875 0.85 0.0390625 0.0296875
2 0.528125 0.5234375 0.0625 0.0390625
3 0.1859375 0.609375 0.009375 0.009375
3 0.9265625 0.3203125 0.0203125 0.025
3 0.440625 0.5203125 0.0078125 0.009375
2 0.0484375 0.928125 0.0390625 0.0484375
3 0.984375 0.671875 0.0140625 0.0171875
3 0.4734375 0.2890625 0.0078125 0.009375
2 0.9546875 0.0890625 0.028125 0.028125
3 0.640625 0.2625 0.021875 0.021875
2 0.3390625 0.5484375 0.0484375 0.0375
3 0.3859375 0.1703125 0.009375 0.009375
0 0.3578125 0.80625 0.0671875 0.1078125