3 0.5296875 0.7609375 0.0171875 0.0140625
0 0.7515625 0.4390625 0.0390625 0.0296875
0 0.5515625 0.9375 0.0171875 0.015625
3 0.553125 0.6265625 0.0171875 0.01875
0 0.6484375 0.3640625 0.0296875 0.01875
0 0.1828125 0.4890625 0.021875 0.0265625
0 0.678125 0.2796875 0.0203125 0.0171875
3 0.4859375 0.53125 0.021875 0.015625
0 0.3578125 0.0578125 0.0390625 0.059375
3 0.73125 0.1578125 0.01875 0.0140625
0 0.0515625 0.3390625 0.05625 0.046875
0 0.540625 0.06953125 0.121875 0.1390625
0 0.7390625 0.6609375 0.1078125 0.0953125
0 0.9375 0.9609375 0.0796875 0.0765625
0 0.171875 0.684375 0.065625 0.034375
0 0.25625 0.3234375 0.075 0.071875