3 0.246875 0.50625 0.0125 0.015625
0 0.5421875 0.709375 0.0265625 0.0359375
0 0.084375 0.525 0.0140625 0.015625
3 0.3703125 0.5265625 0.0171875 0.015625
0 0.6125 0.6140625 0.0171875 0.0265625
0 0.496875 0.1859375 0.025 0.0203125
0 0.6890625 0.6421875 0.015625 0.01875
3 0.4578125 0.465625 0.0140625 0.0203125
0 0.89375 0.346875 0.0546875 0.0359375
3 0.8015625 0.690625 0.0125 0.0171875
0 0.634375 0.059375 0.0421875 0.0625
0 0.8875 0.5140625 0.1375 0.1125
0 0.3390625 0.6984375 0.0875 0.1
0 0.05 0.8890625 0.096875 0.0890625
0 0.3171875 0.1765625 0.03125 0.0609375
0 0.65 0.253125 0.0671875 0.0703125