0 0.775 0.7515625 0.1203125 0.0984375
0 0.3796875 0.34375 0.0625 0.0375
0 0.125 0.075 0.1046875 0.1015625
0 0.13125 0.28125 0.06875 0.0765625
0 0.2984375 0.9609375 0.046875 0.034375
0 0.653125 0.496875 0.01875 0.0265625
0 0.1046875 0.046875 0.0609375 0.0453125
3 0.31875 0.625 0.009375 0.0109375
3 0.9609375 0.6203125 0.009375 0.0171875
3 0.353125 0.49375 0.0171875 0.0125
0 0.85 0.471875 0.0703125 0.08125
0 0.8359375 0.375 0.034375 0.0296875
0 0.7375 0.190625 0.0703125 0.0375
3 0.2109375 0.8375 0.01875 0.0203125
3 0.3609375 0.83125 0.0171875 0.01875
0 0.74375 0.73125 0.053125 0.053125
0 0.5703125 0.03125 0.040625 0.01875