0 0.76875 0.746875 0.109375 0.090625
0 0.4078125 0.375 0.0578125 0.034375
0 0.1734375 0.128125 0.0953125 0.0921875
0 0.1796875 0.3171875 0.0625 0.06875
0 0.3328125 0.946875 0.04375 0.05
0 0.28125 0.040625 0.0625 0.0296875
0 0.65625 0.5140625 0.0171875 0.025
0 0.15625 0.103125 0.0546875 0.040625
3 0.3515625 0.6296875 0.009375 0.009375
3 0.9375 0.6265625 0.009375 0.015625
3 0.3828125 0.5109375 0.015625 0.0125
0 0.8375 0.490625 0.0640625 0.075
0 0.8234375 0.403125 0.03125 0.0265625
0 0.7328125 0.234375 0.0640625 0.034375
3 0.253125 0.825 0.0171875 0.01875
3 0.3890625 0.81875 0.015625 0.0171875
0 0.7390625 0.728125 0.0484375 0.0484375
0 0.5828125 0.0734375 0.0375 0.0484375