3 0.375 0.415625 0.0140625 0.0140625
0 0.4234375 0.159375 0.046875 0.0796875
3 0.3296875 0.0359375 0.0296875 0.0265625
3 0.3640625 0.4609375 0.0140625 0.01875
0 0.490625 0.43125 0.05625 0.1109375
0 0.03125 0.121875 0.0328125 0.0453125
3 0.3859375 0.6328125 0.009375 0.009375
0 0.8828125 0.4890625 0.0578125 0.0578125
3 0.4203125 0.8203125 0.0140625 0.015625
0 0.3296875 0.8140625 0.0703125 0.06875
0 0.1328125 0.6109375 0.090625 0.0859375
0 0.69375 0.5171875 0.01875 0.0265625
0 0.88125 0.803125 0.0296875 0.021875
0 0.7640625 0.928125 0.1046875 0.0984375
0 0.0390625 0.95 0.06875 0.0546875