3 0.44375 0.3390625 0.015625 0.0140625
0 0.165625 0.3921875 0.0859375 0.05
3 0.034375 0.2890625 0.021875 0.03125
3 0.4921875 0.328125 0.0203125 0.015625
0 0.4609375 0.465625 0.1203125 0.0609375
3 0.6796875 0.353125 0.0109375 0.009375
0 0.525 0.8921875 0.0640625 0.0625
3 0.8828125 0.390625 0.0171875 0.015625
0 0.8765625 0.290625 0.0734375 0.0765625
0 0.65625 0.0765625 0.09375 0.0984375
0 0.5546875 0.6859375 0.028125 0.0203125
0 0.865625 0.890625 0.025 0.0328125
0 0.9625 0.7640625 0.0296875 0.1140625