0 0.0578125 0.915625 0.0671875 0.090625
0 0.96875 0.9046875 0.0125 0.084375
3 0.315625 0.634375 0.0140625 0.0109375
0 0.8359375 0.2140625 0.0875 0.0671875
3 0.6453125 0.6859375 0.015625 0.0140625
0 0.5671875 0.1421875 0.078125 0.0765625
0 0.1640625 0.290625 0.0625 0.0765625
0 0.11875 0.371875 0.0578125 0.0734375
1 0.4859375 0.5859375 0.053125 0.0984375
0 0.2578125 0.2140625 0.0484375 0.0484375
3 0.4546875 0.640625 0.0109375 0.009375
0 0.646875 0.95625 0.0515625 0.028125
0 0.753125 0.39375 0.06875 0.0953125