0 0.296875 0.571875 0.0671875 0.0625
0 0.6921875 0.7265625 0.021875 0.03125
0 0.5078125 0.5046875 0.0734375 0.0703125
0 0.0453125 0.4359375 0.05625 0.0484375
0 0.84375 0.05 0.0296875 0.0421875
0 0.3734375 0.1671875 0.0265625 0.01875
0 0.9734375 0.4328125 0.0171875 0.015625
3 0.4125 0.565625 0.0109375 0.0140625
3 0.1453125 0.4375 0.0125 0.0140625
3 0.0703125 0.9671875 0.0203125 0.0171875
0 0.928125 0.1375 0.0234375 0.025
0 0.2984375 0.9625 0.04375 0.0265625
0 0.9078125 0.09375 0.0390625 0.0234375