0 0.5859375 0.95625 0.075 0.040625
0 0.765625 0.171875 0.03125 0.0578125
3 0.75 0.871875 0.021875 0.0234375
0 0.90625 0.165625 0.01875 0.01875
0 0.975 0.2203125 0.0234375 0.0421875
0 0.159375 0.5171875 0.0609375 0.0796875
0 0.865625 0.4953125 0.03125 0.040625
0 0.0125 0.66875 0.021875 0.015625
0 0.4734375 0.05 0.05625 0.046875
0 0.865625 0.603125 0.028125 0.025
3 0.240625 0.5296875 0.025 0.028125
3 0.8046875 0.9078125 0.0265625 0.028125
0 0.31875 0.175 0.0265625 0.01875
0 0.5359375 0.75 0.0765625 0.0703125