3 0.409375 0.809375 0.01875 0.0125
3 0.8265625 0.3296875 0.059375 0.0546875
3 0.896875 0.9 0.015625 0.01875
0 0.1390625 0.73125 0.0234375 0.03125
0 0.2390625 0.51875 0.0515625 0.0625
0 0.6203125 0.3015625 0.0234375 0.025
0 0.5296875 0.43125 0.071875 0.0765625
3 0.9046875 0.8921875 0.05 0.0484375
0 0.709375 0.8359375 0.065625 0.053125
3 0.7078125 0.934375 0.028125 0.028125
0 0.925 0.7953125 0.0171875 0.0171875
0 0.075 0.9546875 0.0359375 0.0390625
3 0.5359375 0.73125 0.0140625 0.0140625
0 0.3765625 0.9578125 0.059375 0.0296875