0 0.9484375 0.778125 0.015625 0.021875
0 0.93125 0.878125 0.0359375 0.0359375
0 0.4296875 0.3265625 0.01875 0.03125
3 0.2734375 0.5953125 0.0171875 0.015625
0 0.8484375 0.2125 0.0453125 0.0859375
0 0.8953125 0.6140625 0.0359375 0.0265625
0 0.0578125 0.3984375 0.0296875 0.0390625
0 0.6453125 0.2890625 0.0203125 0.021875
0 0.378125 0.3921875 0.109375 0.0859375
0 0.8375 0.1765625 0.0203125 0.025
0 0.6484375 0.8828125 0.109375 0.053125
0 0.6296875 0.6390625 0.0203125 0.0234375
3 0.015625 0.9 0.025 0.0234375
0 0.49375 0.8125 0.0328125 0.04375
0 0.7171875 0.7546875 0.05625 0.0515625