0 0.5125 0.8015625 0.0875 0.078125
0 0.8265625 0.1609375 0.065625 0.0546875
3 0.378125 0.421875 0.0171875 0.015625
0 0.3671875 0.8390625 0.040625 0.0640625
0 0.95 0.471875 0.0546875 0.071875
2 0.5265625 0.36875 0.0765625 0.0671875
3 0.846875 0.715625 0.021875 0.021875
0 0.178125 0.4984375 0.021875 0.025
0 0.5359375 0.2609375 0.0515625 0.046875
0 0.0328125 0.271875 0.0203125 0.0546875
0 0.0421875 0.5609375 0.0359375 0.084375
0 0.059375 0.2625 0.0703125 0.078125
3 0.384375 0.2890625 0.0171875 0.015625