0 0.50625 0.0625 0.0953125 0.0796875
3 0.3140625 0.6609375 0.009375 0.0109375
0 0.8140625 0.4234375 0.0390625 0.0515625
0 0.8234375 0.6453125 0.0578125 0.0609375
0 0.7140625 0.7734375 0.078125 0.0921875
0 0.278125 0.9484375 0.1046875 0.059375
3 0.4 0.5265625 0.009375 0.009375
3 0.225 0.721875 0.009375 0.0140625
0 0.2421875 0.04375 0.053125 0.0375
3 0.490625 0.4890625 0.0109375 0.015625
0 0.809375 0.2875 0.034375 0.0609375
0 0.403125 0.1984375 0.021875 0.0171875
0 0.5859375 0.71875 0.1078125 0.121875
3 0.434375 0.271875 0.009375 0.015625
0 0.98125 0.3359375 0.015625 0.0265625
3 0.525 0.5671875 0.015625 0.0203125
0 0.0890625 0.0859375 0.0609375 0.06875
0 0.9171875 0.0375 0.0125 0.0140625
3 0.5125 0.903125 0.0109375 0.015625
0 0.9421875 0.0453125 0.009375 0.0125