0 0.5046875 0.9421875 0.1015625 0.0671875
3 0.7140625 0.3015625 0.009375 0.0109375
0 0.1703125 0.559375 0.0421875 0.05625
0 0.159375 0.3171875 0.0640625 0.0671875
0 0.278125 0.1796875 0.0859375 0.1
3 0.61875 0.446875 0.009375 0.009375
3 0.809375 0.2359375 0.0109375 0.0140625
0 0.7921875 0.9640625 0.05625 0.025
3 0.521875 0.4875 0.0125 0.0171875
0 0.1734375 0.7078125 0.0375 0.0671875
0 0.615625 0.803125 0.0234375 0.01875
0 0.4171875 0.2390625 0.1171875 0.13125
3 0.58125 0.7234375 0.009375 0.015625
3 0.484375 0.403125 0.0171875 0.021875
0 0.9578125 0.9265625 0.065625 0.0734375
0 0.05625 0.9734375 0.0140625 0.00625
3 0.496875 0.0375 0.0109375 0.0171875
0 0.0296875 0.9703125 0.009375 0.0140625