0 0.55625 0.8921875 0.0890625 0.0640625
0 0.334375 0.8609375 0.0671875 0.1078125
0 0.51875 0.525 0.0421875 0.04375
0 0.8375 0.796875 0.05625 0.0921875
3 0.6375 0.484375 0.0171875 0.009375
0 0.0703125 0.6140625 0.0921875 0.1265625
0 0.0484375 0.0234375 0.05 0.046875
0 0.5796875 0.2953125 0.0578125 0.0484375
0 0.05 0.36875 0.053125 0.096875
3 0.121875 0.9109375 0.01875 0.0140625
0 0.878125 0.4078125 0.0171875 0.0234375
0 0.6953125 0.871875 0.0734375 0.0640625
3 0.5234375 0.5171875 0.0234375 0.021875