0 0.896875 0.459375 0.0578125 0.0796875
0 0.86875 0.659375 0.096875 0.0609375
0 0.56875 0.49375 0.0390625 0.0375
0 0.8125 0.20625 0.0828125 0.05
3 0.53125 0.3859375 0.0078125 0.015625
0 0.6484375 0.8984375 0.115625 0.0859375
0 0.1171875 0.928125 0.0453125 0.0703125
0 0.5984375 0.059375 0.0859375 0.0734375
0 0.3609375 0.4390625 0.04375 0.0515625
0 0.428125 0.9328125 0.0890625 0.0859375
3 0.9140625 0.85 0.0125 0.015625
0 0.4625 0.1703125 0.021875 0.015625
0 0.8796875 0.3359375 0.05625 0.065625
3 0.5609375 0.4890625 0.01875 0.0203125
3 0.8921875 0.06875 0.0109375 0.01875