0 0.9515625 0.1296875 0.0140625 0.0234375
0 0.65 0.6421875 0.1015625 0.0609375
0 0.0234375 0.43515625 0.046875 0.0671875
0 0.640625 0.95625 0.09375 0.040625
3 0.5796875 0.4359375 0.009375 0.0140625
0 0.0796875 0.8125 0.13125 0.05
0 0.55625 0.05625 0.0890625 0.0671875
0 0.415625 0.3546875 0.0578125 0.0453125
0 0.0265625 0.3078125 0.0515625 0.0640625
0 0.99453125 0.8640625 0.0109375 0.03125
0 0.8703125 0.6453125 0.0421875 0.059375
0 0.9109375 0.425 0.0703125 0.05625
0 0.5359375 0.1515625 0.05 0.0640625
0 0.2234375 0.96875 0.0421875 0.0125
0 0.371875 0.6875 0.025 0.0296875