0 0.6453125 0.0796875 0.0609375 0.0765625
0 0.4140625 0.6828125 0.09375 0.046875
0 0.178125 0.04375 0.0609375 0.040625
0 0.678125 0.6921875 0.065625 0.05
0 0.340625 0.196875 0.0234375 0.015625
0 0.884375 0.6046875 0.0703125 0.0453125
0 0.240625 0.5046875 0.040625 0.0328125
3 0.7453125 0.0953125 0.009375 0.0171875
0 0.8203125 0.259375 0.0421875 0.046875
0 0.8046875 0.3734375 0.0515625 0.040625
0 0.7640625 0.9265625 0.0328125 0.034375
0 0.6890625 0.1046875 0.04375 0.0390625
0 0.0484375 0.95 0.0921875 0.046875
0 0.0796875 0.0328125 0.05 0.0171875
0 0.4015625 0.2703125 0.059375 0.03125
0 0.0078125 0.6484375 0.0125 0.021875