0 0.94375 0.3671875 0.0671875 0.0625
0 0.3203125 0.60625 0.0484375 0.0984375
0 0.971875 0.8546875 0.009375 0.0609375
0 0.3109375 0.3328125 0.053125 0.06875
0 0.828125 0.684375 0.015625 0.025
0 0.4015625 0.1171875 0.046875 0.0734375
0 0.50625 0.7875 0.034375 0.0421875
3 0.9328125 0.2609375 0.01875 0.0109375
0 0.7609375 0.1828125 0.0484375 0.04375
0 0.6421875 0.2 0.0421875 0.0546875
0 0.065625 0.2421875 0.0359375 0.0328125
0 0.9234375 0.3203125 0.040625 0.0453125
0 0.0453125 0.971875 0.040625 0.05625
0 0.7515625 0.6203125 0.0328125 0.0625