0 0.4734375 0.95 0.090625 0.0546875
0 0.7984375 0.38125 0.071875 0.0734375
3 0.7125 0.925 0.0109375 0.0125
0 0.79375 0.703125 0.1265625 0.084375
0 0.625 0.134375 0.053125 0.053125
0 0.30625 0.096875 0.06875 0.078125
3 0.675 0.6328125 0.0140625 0.01875
0 0.2453125 0.3421875 0.028125 0.0390625
0 0.4375 0.1671875 0.021875 0.0171875
0 0.9296875 0.3609375 0.009375 0.0140625
0 0.1140625 0.7375 0.0578125 0.053125
3 0.7828125 0.8953125 0.0140625 0.009375
0 0.7609375 0.21875 0.009375 0.015625
0 0.275 0.29375 0.009375 0.0140625
0 0.9140625 0.9359375 0.028125 0.040625
0 0.015625 0.240625 0.028125 0.0546875