0 0.465625 0.95625 0.09375 0.04375
0 0.8015625 0.375 0.075 0.0765625
3 0.7140625 0.9359375 0.0109375 0.0125
0 0.796875 0.70625 0.13125 0.0875
0 0.6234375 0.1171875 0.0546875 0.0546875
0 0.29375 0.0796875 0.071875 0.08125
3 0.675 0.634375 0.015625 0.0203125
0 0.2296875 0.334375 0.028125 0.040625
0 0.428125 0.153125 0.0234375 0.01875
0 0.9390625 0.353125 0.0109375 0.0140625
0 0.09375 0.7421875 0.059375 0.0546875
3 0.7859375 0.9046875 0.0140625 0.009375
0 0.7640625 0.2046875 0.0109375 0.0171875
0 0.2609375 0.2828125 0.0109375 0.015625
0 0.9234375 0.946875 0.0296875 0.0421875
0 0.003125 0.22734375 0.00625 0.0546875