0 0.94375 0.871875 0.0609375 0.1
3 0.2203125 0.8078125 0.0125 0.0109375
3 0.4953125 0.690625 0.0125 0.0109375
0 0.321875 0.5359375 0.015625 0.0203125
0 0.4953125 0.0828125 0.0625 0.071875
0 0.8921875 0.2578125 0.025 0.0234375
0 0.840625 0.6328125 0.040625 0.040625
0 0.6625 0.9109375 0.0203125 0.021875
3 0.509375 0.853125 0.0296875 0.015625
0 0.765625 0.9625 0.01875 0.0125
0 0.209375 0.1625 0.090625 0.1046875
0 0.603125 0.303125 0.040625 0.0515625
0 0.93125 0.4390625 0.0859375 0.140625
0 0.803125 0.55 0.0203125 0.0234375
0 0.1890625 0.48125 0.0359375 0.0328125
0 0.6578125 0.09375 0.0578125 0.0375
0 0.821875 0.05625 0.0203125 0.0171875
2 0.4078125 0.603125 0.1015625 0.1109375