0 0.1765625 0.0625 0.09375 0.075
3 0.2359375 0.740625 0.009375 0.0109375
3 0.34375 0.4859375 0.009375 0.0125
0 0.4875 0.646875 0.01875 0.015625
0 0.9078125 0.4859375 0.0671875 0.0578125
0 0.7453125 0.11875 0.021875 0.0234375
0 0.396875 0.165625 0.0375 0.0375
0 0.1390625 0.33125 0.0203125 0.01875
3 0.19375 0.471875 0.0140625 0.0265625
0 0.090625 0.234375 0.0125 0.01875
0 0.8328125 0.7515625 0.096875 0.084375
0 0.7015625 0.3859375 0.046875 0.0375
0 0.5765625 0.0734375 0.13125 0.096875
0 0.475 0.2 0.021875 0.01875
0 0.5375 0.7703125 0.03125 0.0328125
0 0.896875 0.334375 0.0359375 0.053125
0 0.93125 0.1828125 0.015625 0.01875
0 0.0078125 0.5421875 0.015625 0.0234375
2 0.425 0.5671875 0.103125 0.09375