0 0.6328125 0.609375 0.05 0.05625
0 0.0796875 0.671875 0.0359375 0.0421875
3 0.615625 0.425 0.015625 0.0125
0 0.596875 0.090625 0.034375 0.0375
0 0.1875 0.4515625 0.0203125 0.025
3 0.4546875 0.9859375 0.0140625 0.0125
2 0.225 0.765625 0.0640625 0.0671875
0 0.8984375 0.7109375 0.1171875 0.10625
2 0.3078125 0.121875 0.140625 0.109375
0 0.9625 0.5859375 0.03125 0.1078125
0 0.653125 0.8375 0.0890625 0.1125
3 0.2984375 0.3953125 0.0171875 0.0109375
0 0.3640625 0.975 0.025 0.0359375
0 0.690625 0.4234375 0.0125 0.0125
0 0.4640625 0.8890625 0.0609375 0.096875
0 0.14375 0.7578125 0.04375 0.065625