0 0.590625 0.615625 0.0546875 0.0484375
0 0.6515625 0.08125 0.040625 0.034375
3 0.4125 0.6 0.0125 0.015625
0 0.0890625 0.5796875 0.0359375 0.0328125
0 0.4375 0.1859375 0.0234375 0.01875
3 0.9546875 0.44375 0.0125 0.0125
2 0.7421875 0.221875 0.065625 0.0625
0 0.6890625 0.871875 0.103125 0.1140625
2 0.1203125 0.3 0.1046875 0.1359375
0 0.0515625 0.96875 0.0234375 0.0171875
0 0.5671875 0.9453125 0.1046875 0.0546875
0 0.8109375 0.6359375 0.109375 0.0875
0 0.9640625 0.9671875 0.0171875 0.015625
3 0.384375 0.2921875 0.0109375 0.0171875
0 0.94375 0.3546875 0.034375 0.025
0 0.4109375 0.6703125 0.0125 0.0125
0 0.8609375 0.453125 0.09375 0.059375
0 0.7328125 0.14375 0.0640625 0.0421875