2 0.8265625 0.3109375 0.0625 0.071875
3 0.578125 0.3375 0.009375 0.0140625
0 0.6421875 0.1984375 0.0515625 0.040625
3 0.6203125 0.3578125 0.009375 0.0125
3 0.584375 0.3859375 0.009375 0.0109375
0 0.20625 0.4109375 0.0203125 0.021875
3 0.609375 0.384375 0.0140625 0.0125
2 0.6421875 0.5078125 0.05625 0.0453125
2 0.7328125 0.0421875 0.0640625 0.065625
0 0.284375 0.1921875 0.0171875 0.0203125
2 0.2125 0.6875 0.0703125 0.0703125
3 0.321875 0.33125 0.0109375 0.0125
3 0.91875 0.3671875 0.009375 0.0109375
2 0.353125 0.821875 0.05 0.0671875
0 0.03125 0.525 0.015625 0.0140625
0 0.4984375 0.371875 0.090625 0.0828125
0 0.89375 0.8015625 0.025 0.028125
2 0.1375 0.690625 0.053125 0.06875
3 0.315625 0.3578125 0.01875 0.0109375
3 0.6796875 0.6140625 0.0140625 0.0125
0 0.7953125 0.50625 0.0359375 0.04375
0 0.5375 0.025 0.009375 0.0140625
2 0.7140625 0.7734375 0.1 0.1078125
0 0.5859375 0.08125 0.046875 0.04375
0 0.9546875 0.1359375 0.04375 0.0609375