2 0.315625 0.81875 0.0703125 0.0625
3 0.3421875 0.5734375 0.0140625 0.009375
0 0.2046875 0.6375 0.0390625 0.0515625
3 0.3609375 0.6140625 0.0125 0.009375
3 0.390625 0.578125 0.0109375 0.009375
0 0.4140625 0.20625 0.021875 0.0203125
3 0.3875 0.6046875 0.0125 0.0140625
2 0.5109375 0.6359375 0.0453125 0.05625
2 0.05 0.7265625 0.0640625 0.0625
0 0.1984375 0.2828125 0.0203125 0.0171875
2 0.6890625 0.2125 0.06875 0.06875
3 0.3359375 0.3203125 0.0125 0.0109375
3 0.3703125 0.909375 0.009375 0.009375
2 0.8203125 0.35 0.065625 0.05
0 0.528125 0.0328125 0.0140625 0.01875
0 0.3765625 0.49375 0.08125 0.0890625
0 0.8015625 0.884375 0.028125 0.025
2 0.690625 0.1375 0.06875 0.0515625
3 0.3625 0.3125 0.0109375 0.01875
3 0.615625 0.6734375 0.0125 0.0140625
0 0.5078125 0.7875 0.04375 0.0359375
0 0.034375 0.5328125 0.0140625 0.009375
2 0.7734375 0.70625 0.1078125 0.0984375
0 0.0890625 0.58125 0.04375 0.046875
0 0.14375 0.95 0.0609375 0.0515625