0 0.4296875 0.5 0.028125 0.015625
0 0.2796875 0.6390625 0.015625 0.0140625
3 0.678125 0.684375 0.009375 0.0125
0 0.2171875 0.5734375 0.01875 0.0296875
3 0.0765625 0.596875 0.015625 0.0125
0 0.4171875 0.2046875 0.0234375 0.01875
3 0.790625 0.6 0.0140625 0.0171875
0 0.178125 0.353125 0.0640625 0.0890625
3 0.71875 0.8984375 0.0125 0.015625
0 0.596875 0.0828125 0.06875 0.065625
0 0.0203125 0.1 0.0375 0.0359375
0 0.790625 0.884375 0.028125 0.0359375
0 0.5328125 0.190625 0.0125 0.0140625
0 0.55 0.7859375 0.03125 0.040625
0 0.8265625 0.5078125 0.021875 0.0140625
0 0.2890625 0.4234375 0.0546875 0.0609375
0 0.8078125 0.365625 0.053125 0.0515625
0 0.009375 0.3859375 0.009375 0.015625
0 0.5546875 0.9453125 0.0609375 0.059375
0 0.5140625 0.784375 0.040625 0.034375
3 0.0359375 0.5328125 0.0140625 0.009375
0 0.1984375 0.1546875 0.0109375 0.0109375
0 0.3359375 0.3265625 0.0125 0.0109375
2 0.48125 0.4171875 0.1578125 0.084375