0 0.49375 0.584375 0.015625 0.028125
0 0.6375 0.740625 0.0140625 0.015625
3 0.684375 0.328125 0.0125 0.009375
0 0.56875 0.8046875 0.0296875 0.01875
3 0.5921875 0.95 0.0125 0.015625
0 0.1875 0.5984375 0.01875 0.0234375
3 0.596875 0.2109375 0.0171875 0.015625
0 0.3421875 0.8453125 0.090625 0.0671875
3 0.9046875 0.2859375 0.015625 0.0125
0 0.0609375 0.4109375 0.0671875 0.0703125
0 0.078125 0.99375 0.0375 0.0109375
0 0.8921875 0.2109375 0.0375 0.0296875
0 0.171875 0.4765625 0.0140625 0.0125
0 0.7890625 0.459375 0.0421875 0.0328125
0 0.5015625 0.175 0.0140625 0.0234375
0 0.4140625 0.73125 0.0625 0.05625
0 0.353125 0.19375 0.053125 0.0546875
0 0.95 0.45625 0.0546875 0.0625
0 0.7875 0.496875 0.0359375 0.0421875
3 0.5265625 0.99375 0.009375 0.0125
0 0.1359375 0.8234375 0.0125 0.0109375
0 0.3125 0.68125 0.0125 0.0125
2 0.4078125 0.53125 0.0875 0.1625