0 0.578125 0.453125 0.025 0.034375
0 0.3390625 0.378125 0.034375 0.0328125
0 0.934375 0.428125 0.0921875 0.06875
0 0.5734375 0.090625 0.05 0.05
0 0.753125 0.11875 0.046875 0.0453125
0 0.1734375 0.121875 0.0234375 0.0328125
0 0.6171875 0.053125 0.021875 0.0203125
0 0.5765625 0.265625 0.0875 0.0796875
0 0.3734375 0.19375 0.01875 0.015625
0 0.484375 0.1765625 0.0171875 0.0171875
0 0.046875 0.3109375 0.090625 0.109375
0 0.4984375 0.8734375 0.075 0.0703125
0 0.121875 0.15 0.0296875 0.021875
3 0.3578125 0.4109375 0.0140625 0.015625