0 0.5203125 0.440625 0.0359375 0.0265625
0 0.6 0.6953125 0.034375 0.0359375
0 0.5453125 0.0609375 0.0734375 0.0984375
0 0.9046875 0.4453125 0.053125 0.053125
0 0.875 0.253125 0.0484375 0.05
0 0.871875 0.871875 0.0359375 0.025
0 0.9453125 0.3984375 0.021875 0.0234375
0 0.71875 0.4421875 0.0859375 0.0921875
0 0.7953125 0.6578125 0.0171875 0.0203125
0 0.8140625 0.540625 0.01875 0.0171875
0 0.6703125 0.9796875 0.115625 0.040625
0 0.0703125 0.5265625 0.075 0.0796875
0 0.8421875 0.928125 0.0234375 0.03125
3 0.5625 0.675 0.0171875 0.0140625