0 0.6359375 0.6546875 0.053125 0.028125
0 0.2734375 0.28125 0.0484375 0.0375
0 0.03125 0.384375 0.015625 0.059375
3 0.925 0.996875 0.0109375 0.00625
0 0.078125 0.090625 0.0625 0.053125
0 0.5171875 0.9359375 0.0578125 0.065625
0 0.765625 0.20625 0.0328125 0.0390625
0 0.2078125 0.815625 0.03125 0.028125
0 0.68125 0.159375 0.0296875 0.0171875
0 0.6453125 0.3578125 0.0328125 0.0421875
0 0.246875 0.471875 0.0203125 0.025
0 0.184375 0.4171875 0.015625 0.03125
0 0.10625 0.6515625 0.0515625 0.0515625
3 0.4140625 0.178125 0.0328125 0.025
0 0.290625 0.4 0.021875 0.025
3 0.471875 0.2765625 0.021875 0.0234375
0 0.865625 0.8625 0.0953125 0.1109375