0 0.6625 0.61875 0.0265625 0.05
0 0.31875 0.2859375 0.034375 0.0453125
0 0.415625 0.046875 0.0546875 0.046875
3 0.98125 0.884375 0.0125 0.0109375
0 0.14375 0.10625 0.05 0.0578125
0 0.0359375 0.56875 0.06875 0.0875
0 0.921875 0.5109375 0.0609375 0.053125
0 0.25 0.7390625 0.0359375 0.03125
0 0.809375 0.225 0.025 0.0296875
0 0.20625 0.6609375 0.015625 0.0265625
0 0.3890625 0.628125 0.0390625 0.0296875
0 0.4953125 0.2609375 0.0234375 0.01875
0 0.44375 0.203125 0.028125 0.0140625
0 0.659375 0.1328125 0.046875 0.046875
3 0.225 0.415625 0.0234375 0.0296875
0 0.428125 0.3015625 0.021875 0.0203125
3 0.3140625 0.46875 0.021875 0.0203125
0 0.853125 0.83125 0.1015625 0.0875