0 0.4453125 0.3015625 0.10625 0.0828125
0 0.0734375 0.6328125 0.0640625 0.059375
3 0.7203125 0.8171875 0.01875 0.015625
0 0.6609375 0.6921875 0.0265625 0.028125
0 0.35625 0.9109375 0.021875 0.0328125
0 0.4171875 0.5078125 0.0234375 0.0234375
0 0.5703125 0.2359375 0.078125 0.0578125
3 0.8796875 0.778125 0.0609375 0.078125
0 0.26875 0.84375 0.084375 0.10625
0 0.203125 0.521875 0.021875 0.025
0 0.4578125 0.734375 0.040625 0.028125
0 0.484375 0.484375 0.0203125 0.021875
3 0.5921875 0.2203125 0.0359375 0.0296875