3 0.9078125 0.715625 0.0171875 0.0125
0 0.496875 0.23125 0.0234375 0.0203125
3 0.7859375 0.93125 0.028125 0.021875
0 0.890625 0.3875 0.06875 0.04375
0 0.28125 0.0421875 0.053125 0.0390625
0 0.2890625 0.375 0.059375 0.0703125
0 0.4890625 0.6203125 0.0421875 0.034375
0 0.8078125 0.275 0.06875 0.071875
0 0.278125 0.359375 0.03125 0.0359375
0 0.475 0.0984375 0.0671875 0.06875
0 0.871875 0.3921875 0.034375 0.0265625
3 0.8 0.7359375 0.0125 0.01875
0 0.5453125 0.840625 0.0296875 0.0296875
3 0.09375 0.96875 0.021875 0.0125