3 0.071875 0.7125 0.0171875 0.0140625
0 0.496875 0.2109375 0.0234375 0.0203125
3 0.196875 0.9359375 0.028125 0.021875
0 0.0890625 0.3734375 0.0703125 0.0453125
0 0.7203125 0.028125 0.0546875 0.0125
0 0.7125 0.359375 0.0609375 0.071875
0 0.50625 0.6140625 0.04375 0.0359375
0 0.175 0.25625 0.071875 0.075
0 0.7234375 0.34375 0.03125 0.0375
0 0.51875 0.0734375 0.06875 0.0703125
0 0.109375 0.378125 0.0359375 0.028125
3 0.1828125 0.7328125 0.0140625 0.01875
0 0.4453125 0.8421875 0.03125 0.03125
3 0.9140625 0.9734375 0.0203125 0.009375