2 0.8921875 0.6765625 0.16875 0.15
2 0.7109375 0.2734375 0.1265625 0.1109375
2 0.8046875 0.328125 0.140625 0.146875
2 0.8140625 0.49375 0.159375 0.153125
2 0.2765625 0.71875 0.1375 0.125
2 0.0875 0.528125 0.128125 0.1546875
3 0.33125 0.353125 0.084375 0.071875
3 0.1859375 0.515625 0.06875 0.071875
3 0.1046875 0.384375 0.0421875 0.0421875
2 0.4328125 0.4875 0.1515625 0.165625
2 0.5828125 0.33125 0.1390625 0.140625
2 0.6265625 0.4984375 0.1890625 0.2390625
2 0.2984375 0.5078125 0.1609375 0.1828125
2 0.7109375 0.7296875 0.178125 0.1046875