3 0.4703125 0.071875 0.0609375 0.08125
3 0.4578125 0.3234375 0.0515625 0.075
3 0.409375 0.659375 0.0515625 0.0546875
3 0.296875 0.6890625 0.0578125 0.0671875
3 0.1453125 0.1640625 0.0375 0.0546875
3 0.2171875 0.1609375 0.046875 0.0546875
3 0.1640625 0.6734375 0.034375 0.040625
3 0.1578125 0.509375 0.0359375 0.04375
3 0.1625 0.4484375 0.0296875 0.0359375
3 0.20625 0.328125 0.03125 0.0328125
3 0.5296875 0.5296875 0.0265625 0.0390625
3 0.596875 0.559375 0.028125 0.0375
3 0.65 0.7265625 0.034375 0.05
3 0.775 0.7015625 0.0421875 0.0546875
3 0.6328125 0.8671875 0.046875 0.0484375
3 0.5015625 0.69375 0.053125 0.0609375
3 0.38125 0.8109375 0.0421875 0.0453125
3 0.4453125 0.959375 0.0421875 0.0484375