2 0.890625 0.675 0.16875 0.15
2 0.709375 0.275 0.125 0.1109375
2 0.803125 0.3296875 0.1390625 0.146875
2 0.8125 0.49375 0.159375 0.153125
2 0.278125 0.71875 0.1359375 0.125
2 0.0921875 0.528125 0.1265625 0.153125
3 0.3328125 0.3546875 0.084375 0.071875
3 0.1875 0.515625 0.06875 0.071875
3 0.1078125 0.384375 0.0421875 0.0421875
2 0.434375 0.4875 0.15 0.1640625
2 0.5828125 0.3328125 0.1375 0.1390625
2 0.6265625 0.4984375 0.1890625 0.2375
2 0.3 0.5078125 0.159375 0.1828125
2 0.7109375 0.728125 0.178125 0.10625