3 0.1078125 0.3765625 0.05625 0.05625
3 0.4046875 0.2578125 0.075 0.06875
3 0.3890625 0.19375 0.06875 0.046875
3 0.4296875 0.153125 0.078125 0.0578125
3 0.259375 0.75 0.05 0.0421875
3 0.39375 0.7109375 0.115625 0.096875
3 0.465625 0.6296875 0.096875 0.1
3 0.3046875 0.6640625 0.053125 0.0453125
3 0.36875 0.621875 0.109375 0.096875
3 0.7140625 0.625 0.0734375 0.0640625
3 0.721875 0.5453125 0.0390625 0.05
3 0.959375 0.309375 0.0640625 0.05625
3 0.896875 0.2765625 0.0453125 0.0515625
3 0.753125 0.24375 0.0375 0.0375
3 0.7296875 0.1828125 0.0359375 0.0390625
3 0.503125 0.34375 0.034375 0.028125
3 0.375 0.4234375 0.0359375 0.0359375