2 0.0890625 0.53125 0.1234375 0.1671875
2 0.296875 0.503125 0.1359375 0.1703125
2 0.4390625 0.4953125 0.1546875 0.1765625
2 0.28125 0.7046875 0.1421875 0.13125
2 0.5828125 0.80625 0.1 0.1140625
2 0.7125 0.734375 0.1359375 0.1328125
2 0.8890625 0.671875 0.15625 0.1328125
2 0.58125 0.3421875 0.1296875 0.1046875
2 0.7125 0.26875 0.125 0.15
3 0.3359375 0.3625 0.071875 0.071875
3 0.1046875 0.390625 0.034375 0.0328125
3 0.1859375 0.515625 0.0671875 0.065625
3 0.8921875 0.7796875 0.084375 0.065625
3 0.86875 0.85 0.0359375 0.0375
2 0.8 0.340625 0.1453125 0.159375
2 0.625 0.503125 0.2078125 0.2390625
2 0.8328125 0.5046875 0.16875 0.1671875
2 0.9125 0.303125 0.05625 0.05625