3 0.7265625 0.775 0.046875 0.05
3 0.584375 0.6484375 0.053125 0.0578125
3 0.4765625 0.69375 0.0515625 0.0578125
3 0.36875 0.5265625 0.053125 0.0515625
3 0.215625 0.6125 0.0640625 0.0703125
3 0.471875 0.39375 0.0578125 0.0546875
3 0.434375 0.2453125 0.0484375 0.05
3 0.221875 0.2171875 0.0765625 0.0828125
3 0.64375 0.5765625 0.05625 0.0484375
3 0.5984375 0.565625 0.046875 0.053125
3 0.675 0.4828125 0.0421875 0.040625
3 0.696875 0.2734375 0.034375 0.03125
3 0.7328125 0.1421875 0.0421875 0.04375
3 0.7796875 0.4296875 0.0375 0.0390625
3 0.7515625 0.403125 0.04375 0.0375
3 0.734375 0.371875 0.0359375 0.040625