3 0.075 0.528125 0.0796875 0.0609375
3 0.325 0.540625 0.0734375 0.0515625
3 0.65625 0.5875 0.0546875 0.0515625
3 0.684375 0.7 0.065625 0.0578125
3 0.165625 0.8484375 0.0546875 0.0375
3 0.1625 0.778125 0.0546875 0.046875
3 0.6703125 0.8296875 0.040625 0.034375
3 0.5078125 0.8375 0.04375 0.0359375
3 0.446875 0.83125 0.0359375 0.0296875
3 0.328125 0.7890625 0.0328125 0.03125
3 0.528125 0.46875 0.0390625 0.0265625
3 0.5578125 0.403125 0.0375 0.028125
3 0.721875 0.35 0.05 0.034375
3 0.696875 0.228125 0.0546875 0.0421875
3 0.8625 0.3671875 0.0484375 0.046875
3 0.690625 0.496875 0.0609375 0.053125
3 0.80625 0.615625 0.0453125 0.0421875
3 0.953125 0.553125 0.0484375 0.0421875