2 0.48125 0.096875 0.18125 0.1328125
2 0.5109375 0.321875 0.1859375 0.1484375
2 0.51875 0.475 0.190625 0.16875
2 0.2921875 0.3046875 0.1421875 0.1546875
2 0.184375 0.63125 0.1171875 0.10625
2 0.259375 0.771875 0.14375 0.1484375
2 0.328125 0.9390625 0.14375 0.1203125
2 0.6859375 0.63125 0.1140625 0.140625
2 0.7640625 0.7734375 0.1640625 0.1359375
3 0.6625 0.3640625 0.078125 0.078125
3 0.63125 0.1140625 0.034375 0.0375
3 0.496875 0.203125 0.071875 0.071875
3 0.2109375 0.9609375 0.071875 0.078125
3 0.140625 0.9421875 0.028125 0.0375
2 0.6875 0.86875 0.1734375 0.1578125
2 0.509375 0.678125 0.259375 0.225
2 0.509375 0.903125 0.18125 0.1828125
2 0.728125 0.9796875 0.0609375 0.040625