2 0.1 0.5375 0.1234375 0.1734375
2 0.28125 0.715625 0.1375 0.11875
2 0.303125 0.5171875 0.14375 0.1859375
2 0.446875 0.490625 0.13125 0.16875
2 0.584375 0.3578125 0.11875 0.128125
2 0.7125 0.28125 0.1265625 0.1484375
2 0.8078125 0.3546875 0.1390625 0.1484375
2 0.8125 0.509375 0.15 0.16875
2 0.88125 0.675 0.1515625 0.1234375
2 0.7265625 0.7375 0.115625 0.1359375
2 0.58125 0.80625 0.1 0.1125
3 0.3390625 0.3671875 0.0671875 0.071875
3 0.1953125 0.51875 0.065625 0.0734375
2 0.9140625 0.3078125 0.0765625 0.0890625