3 0.4765625 0.5640625 0.15 0.1421875
3 0.0453125 0.4484375 0.034375 0.034375
3 0.1234375 0.4640625 0.03125 0.028125
3 0.11875 0.5234375 0.0375 0.034375
3 0.0421875 0.5578125 0.040625 0.0390625
3 0.0984375 0.6296875 0.0296875 0.0296875
3 0.134375 0.6921875 0.046875 0.0484375
3 0.209375 0.621875 0.046875 0.0484375
3 0.1625 0.6078125 0.0390625 0.034375
3 0.2421875 0.6578125 0.0625 0.0453125
3 0.4078125 0.678125 0.1015625 0.1
3 0.346875 0.6796875 0.0453125 0.034375
3 0.2953125 0.6953125 0.025 0.0234375
3 0.184375 0.503125 0.0421875 0.0390625
3 0.2453125 0.4734375 0.0953125 0.084375
3 0.34375 0.428125 0.0578125 0.05625
3 0.39375 0.4140625 0.05 0.053125
3 0.4703125 0.440625 0.059375 0.046875
3 0.3921875 0.465625 0.0625 0.05625
3 0.44375 0.48125 0.0578125 0.05
3 0.49375 0.4796875 0.053125 0.05
3 0.5921875 0.4109375 0.0609375 0.05