3 0.0828125 0.7234375 0.0765625 0.0796875
3 0.2890625 0.7765625 0.0265625 0.028125
3 0.365625 0.825 0.0734375 0.0625
3 0.4265625 0.725 0.040625 0.040625
3 0.3703125 0.6890625 0.0328125 0.0328125
3 0.21875 0.5828125 0.0421875 0.0328125
3 0.25 0.421875 0.0578125 0.05
3 0.221875 0.325 0.0375 0.028125
3 0.3765625 0.2671875 0.053125 0.0328125
3 0.6640625 0.4359375 0.05 0.040625
3 0.534375 0.3875 0.034375 0.021875
3 0.65 0.24375 0.053125 0.0390625
3 0.675 0.209375 0.05625 0.046875
3 0.3953125 0.3015625 0.0453125 0.0375
3 0.43125 0.3140625 0.03125 0.0296875