3 0.1875 0.965625 0.065625 0.0609375
3 0.2375 0.75 0.1015625 0.0953125
3 0.409375 0.7203125 0.046875 0.0484375
3 0.359375 0.6171875 0.046875 0.046875
3 0.2875 0.6109375 0.0375 0.0328125
3 0.2609375 0.36875 0.021875 0.0265625
3 0.2453125 0.25 0.025 0.028125
3 0.1796875 0.1625 0.0296875 0.0359375
3 0.1859375 0.0640625 0.021875 0.034375
3 0.265625 0.128125 0.046875 0.0484375
3 0.4796875 0.15625 0.034375 0.0359375
3 0.603125 0.1625 0.0828125 0.071875
3 0.5953125 0.2265625 0.0203125 0.0265625
3 0.6703125 0.365625 0.034375 0.0375
3 0.7609375 0.2375 0.021875 0.034375
3 0.7875 0.1390625 0.0234375 0.0234375
3 0.784375 0.65625 0.0578125 0.0640625
3 0.846875 0.5890625 0.053125 0.0515625
3 0.55625 0.578125 0.0484375 0.046875