3 0.2296875 0.1390625 0.03125 0.034375
3 0.271875 0.028125 0.0375 0.0484375
3 0.3359375 0.0359375 0.0453125 0.040625
3 0.290625 0.0828125 0.040625 0.0375
3 0.2890625 0.175 0.059375 0.0640625
3 0.3390625 0.1625 0.0421875 0.0453125
3 0.4859375 0.0171875 0.025 0.025
3 0.421875 0.4515625 0.0390625 0.040625
3 0.3265625 0.70625 0.0375 0.040625
3 0.1484375 0.8359375 0.0453125 0.0515625
3 0.6375 0.7890625 0.0609375 0.0671875
3 0.5390625 0.7953125 0.0640625 0.071875
3 0.5828125 0.4953125 0.0328125 0.0375
3 0.65 0.515625 0.0375 0.0328125
3 0.634375 0.3984375 0.0234375 0.0296875