3 0.1390625 0.7703125 0.034375 0.03125
3 0.028125 0.728125 0.0484375 0.0375
3 0.0359375 0.6640625 0.040625 0.0453125
3 0.0828125 0.709375 0.0375 0.040625
3 0.175 0.7109375 0.0640625 0.059375
3 0.1625 0.6609375 0.0453125 0.0421875
3 0.0171875 0.5140625 0.025 0.025
3 0.4515625 0.578125 0.040625 0.0390625
3 0.70625 0.6734375 0.040625 0.0375
3 0.8359375 0.8515625 0.0515625 0.0453125
3 0.7890625 0.3625 0.0671875 0.0609375
3 0.7953125 0.4609375 0.071875 0.0640625
3 0.4953125 0.4171875 0.0375 0.0328125
3 0.515625 0.35 0.0328125 0.0375
3 0.3984375 0.365625 0.0296875 0.0234375