3 0.190625 0.603125 0.0515625 0.05
3 0.459375 0.7109375 0.06875 0.0609375
3 0.4453125 0.76875 0.0625 0.0421875
3 0.48125 0.8078125 0.0703125 0.05625
3 0.328125 0.265625 0.0453125 0.0375
3 0.45 0.3015625 0.1046875 0.0875
3 0.5140625 0.375 0.0875 0.090625
3 0.36875 0.34375 0.0484375 0.040625
3 0.4265625 0.38125 0.1 0.0875
3 0.7375 0.3796875 0.0671875 0.0578125
3 0.7453125 0.4515625 0.034375 0.0453125
3 0.9609375 0.6640625 0.0578125 0.05
3 0.903125 0.69375 0.040625 0.046875
3 0.775 0.7234375 0.0328125 0.0328125
3 0.7515625 0.778125 0.0328125 0.034375
3 0.5484375 0.6328125 0.03125 0.025
3 0.43125 0.5609375 0.0328125 0.0328125