3 0.8921875 0.6546875 0.0828125 0.08125
3 0.6484375 0.828125 0.065625 0.0546875
3 0.496875 0.84375 0.06875 0.0609375
3 0.021875 0.5765625 0.0421875 0.059375
3 0.678125 0.5375 0.0890625 0.0921875
3 0.4671875 0.446875 0.109375 0.09375
3 0.659375 0.4421875 0.1125 0.103125
3 0.6171875 0.30625 0.09375 0.0953125
3 0.1859375 0.315625 0.0671875 0.05
3 0.69375 0.6984375 0.0671875 0.0703125
3 0.8171875 0.8234375 0.053125 0.053125
3 0.975 0.6671875 0.05 0.0609375
3 0.8296875 0.3671875 0.0546875 0.05
3 0.1359375 0.14375 0.078125 0.034375