3 0.4671875 0.5765625 0.1453125 0.128125
3 0.246875 0.46875 0.0921875 0.0890625
3 0.3984375 0.6734375 0.109375 0.0953125
3 0.0375 0.5390625 0.0390625 0.0375
3 0.0859375 0.615625 0.034375 0.03125
3 0.1265625 0.6765625 0.04375 0.046875
3 0.23125 0.65 0.0625 0.0453125
3 0.203125 0.6109375 0.053125 0.04375
3 0.159375 0.5953125 0.0390625 0.0515625
3 0.1125 0.5140625 0.040625 0.034375
3 0.04375 0.4328125 0.0421875 0.0421875
3 0.125 0.45 0.0359375 0.03125
3 0.1828125 0.490625 0.034375 0.0421875
3 0.340625 0.4328125 0.059375 0.05
3 0.3890625 0.4140625 0.046875 0.0375
3 0.3890625 0.459375 0.0609375 0.0546875
3 0.471875 0.4375 0.059375 0.05
3 0.44375 0.484375 0.05625 0.059375
3 0.4984375 0.484375 0.0546875 0.053125
3 0.5875 0.4171875 0.05625 0.05