3 0.353125 0.8921875 0.034375 0.0359375
3 0.340625 0.7921875 0.028125 0.0390625
3 0.44375 0.809375 0.0375 0.0375
3 0.4171875 0.628125 0.025 0.0296875
3 0.5453125 0.909375 0.0171875 0.025
3 0.546875 0.7546875 0.021875 0.028125
3 0.753125 0.7578125 0.0484375 0.04375
3 0.8640625 0.93125 0.021875 0.021875
3 0.8609375 0.8734375 0.028125 0.0421875
3 0.7375 0.2796875 0.0421875 0.0453125
3 0.6125 0.2984375 0.0546875 0.0453125
3 0.6140625 0.24375 0.0609375 0.0546875
3 0.475 0.0515625 0.05625 0.0453125
3 0.4234375 0.2734375 0.046875 0.04375
3 0.459375 0.15 0.0265625 0.0296875
3 0.275 0.2109375 0.028125 0.03125
3 0.1484375 0.2734375 0.04375 0.0453125