2 0.8890625 0.4453125 0.1375 0.19375
2 0.6875 0.246875 0.153125 0.1328125
2 0.6640625 0.4671875 0.159375 0.20625
2 0.503125 0.496875 0.1453125 0.1875
2 0.35 0.64375 0.1328125 0.1421875
2 0.2078125 0.7296875 0.140625 0.165625
2 0.103125 0.646875 0.1546875 0.1640625
2 0.096875 0.4765625 0.1671875 0.1875
2 0.05234375 0.2953125 0.1046875 0.13125
2 0.1921875 0.2234375 0.128125 0.1515625
2 0.3546875 0.1671875 0.1109375 0.0828125
3 0.621875 0.634375 0.075 0.0796875
3 0.7828125 0.465625 0.0734375 0.0828125
2 0.0140625 0.7015625 0.028125 0.096875