3 0.234375 0.7171875 0.0484375 0.0453125
3 0.3578125 0.5765625 0.05625 0.0515625
3 0.3140625 0.471875 0.05625 0.05
3 0.4765625 0.3671875 0.05 0.053125
3 0.3921875 0.2171875 0.06875 0.0625
3 0.60625 0.4671875 0.053125 0.05625
3 0.753125 0.4296875 0.0484375 0.0484375
3 0.7796875 0.2234375 0.08125 0.075
3 0.428125 0.634375 0.046875 0.0546875
3 0.4390625 0.5921875 0.053125 0.0453125
3 0.51875 0.665625 0.0390625 0.040625
3 0.725 0.6875 0.0296875 0.0328125
3 0.853125 0.721875 0.0421875 0.040625
3 0.571875 0.76875 0.0375 0.0375
3 0.5984375 0.7421875 0.0375 0.0421875
3 0.6296875 0.7234375 0.0390625 0.0359375