3 0.909375 0.2296875 0.05625 0.0609375
3 0.7078125 0.275 0.0890625 0.0953125
3 0.68125 0.4359375 0.0453125 0.0453125
3 0.5828125 0.3890625 0.04375 0.0453125
3 0.578125 0.321875 0.03125 0.0359375
3 0.35 0.2984375 0.025 0.021875
3 0.2390625 0.284375 0.025 0.0234375
3 0.1578125 0.221875 0.0328125 0.028125
3 0.0640625 0.228125 0.0328125 0.021875
3 0.125 0.3015625 0.0453125 0.04375
3 0.1515625 0.5015625 0.0328125 0.0328125
3 0.1578125 0.61875 0.06875 0.0765625
3 0.2171875 0.6109375 0.025 0.01875
3 0.346875 0.68125 0.034375 0.0328125
3 0.2265625 0.7671875 0.0328125 0.021875
3 0.134375 0.790625 0.021875 0.021875
3 0.61875 0.7875 0.0609375 0.0546875
3 0.55625 0.846875 0.0484375 0.0484375
3 0.546875 0.575 0.0453125 0.0453125