3 0.7375 0.06875 0.08125 0.078125
3 0.790625 0.278125 0.028125 0.028125
3 0.840625 0.3578125 0.0640625 0.075
3 0.7390625 0.4203125 0.0421875 0.040625
3 0.7015625 0.3625 0.0328125 0.0328125
3 0.5921875 0.20625 0.034375 0.04375
3 0.428125 0.2390625 0.0515625 0.059375
3 0.3296875 0.2109375 0.028125 0.0375
3 0.2703125 0.36875 0.0328125 0.053125
3 0.44375 0.6625 0.0421875 0.0515625
3 0.39375 0.5296875 0.0234375 0.0359375
3 0.246875 0.6484375 0.040625 0.0546875
3 0.2109375 0.6734375 0.0484375 0.0578125
3 0.3046875 0.3890625 0.0375 0.0453125
3 0.3171875 0.425 0.03125 0.03125