3 0.440625 0.5625 0.165625 0.1578125
3 0.0484375 0.4515625 0.0359375 0.03125
3 0.04375 0.5171875 0.0421875 0.0390625
3 0.0203125 0.6359375 0.0328125 0.0328125
3 0.0609375 0.70625 0.0515625 0.053125
3 0.14375 0.628125 0.053125 0.053125
3 0.090625 0.6109375 0.04375 0.0375
3 0.1796875 0.6671875 0.06875 0.05
3 0.365625 0.6890625 0.1125 0.1109375
3 0.296875 0.690625 0.05 0.0390625
3 0.2390625 0.7078125 0.0265625 0.0265625
3 0.1171875 0.49375 0.046875 0.04375
3 0.184375 0.4625 0.10625 0.09375
3 0.29375 0.4125 0.0640625 0.0625
3 0.3484375 0.3953125 0.0546875 0.059375
3 0.434375 0.425 0.065625 0.0515625
3 0.346875 0.453125 0.0703125 0.0625
3 0.403125 0.4703125 0.0640625 0.0546875
3 0.4609375 0.46875 0.059375 0.05625
3 0.5703125 0.3921875 0.0671875 0.05625