3 0.45625 0.578125 0.1546875 0.1359375
3 0.2203125 0.4625 0.0984375 0.0953125
3 0.3828125 0.68125 0.115625 0.1015625
3 0.009375 0.5390625 0.01875 0.040625
3 0.05 0.6203125 0.0359375 0.0328125
3 0.0921875 0.684375 0.046875 0.05
3 0.2046875 0.6578125 0.0671875 0.0484375
3 0.175 0.615625 0.05625 0.046875
3 0.128125 0.5984375 0.0421875 0.0546875
3 0.078125 0.5125 0.04375 0.0375
3 0.0140625 0.425 0.0265625 0.04375
3 0.0921875 0.44375 0.0375 0.034375
3 0.153125 0.4875 0.0375 0.04375
3 0.3203125 0.425 0.0625 0.053125
3 0.371875 0.40625 0.05 0.040625
3 0.371875 0.4546875 0.0640625 0.0578125
3 0.459375 0.43125 0.0625 0.053125
3 0.4296875 0.4796875 0.059375 0.0625
3 0.4875 0.4796875 0.0578125 0.05625
3 0.5828125 0.409375 0.0609375 0.053125