3 0.103125 0.35625 0.078125 0.0765625
3 0.334375 0.190625 0.0625 0.0515625
3 0.478125 0.1734375 0.0671875 0.0640625
3 0.9453125 0.4296875 0.075 0.05625
3 0.30625 0.4671875 0.084375 0.0875
3 0.50625 0.5515625 0.103125 0.0875
3 0.3234375 0.55625 0.1078125 0.0984375
3 0.3640625 0.6859375 0.0890625 0.090625
3 0.771875 0.6765625 0.0640625 0.0484375
3 0.290625 0.3140625 0.0640625 0.0671875
3 0.175 0.1953125 0.05 0.05
3 0.025 0.34375 0.0484375 0.0578125
3 0.1625 0.6265625 0.053125 0.0484375
3 0.8203125 0.8484375 0.0734375 0.0515625