3 0.1125 0.640625 0.034375 0.0328125
3 0.2078125 0.653125 0.0375 0.0265625
3 0.190625 0.5546875 0.0359375 0.0359375
3 0.3625 0.58125 0.028125 0.0234375
3 0.096875 0.4578125 0.0234375 0.0171875
3 0.24375 0.4578125 0.0265625 0.021875
3 0.240625 0.2625 0.040625 0.0453125
3 0.0765625 0.15625 0.021875 0.021875
3 0.13125 0.15625 0.040625 0.0375
3 0.69375 0.2765625 0.0421875 0.040625
3 0.6765625 0.3953125 0.0421875 0.053125
3 0.7265625 0.3953125 0.0515625 0.0578125
3 0.909375 0.525 0.0421875 0.053125
3 0.6984375 0.5734375 0.040625 0.0453125
3 0.815625 0.540625 0.028125 0.025
3 0.7578125 0.715625 0.0296875 0.0265625
3 0.6984375 0.834375 0.04375 0.040625